Date	Source	Target	CAMEOCode	NumEvents	NumArts	QuadClass	Goldstein	SourceGeoType	SourceGeoLat	SourceGeoLong	TargetGeoType	TargetGeoLat	TargetGeoLong	ActionGeoType	ActionGeoLat	ActionGeoLong
19790101	AFR	FRA	043	1	4	1	2.8			
19790101	AFR	FRA	050	2	9	1	3.5									
19790101	AFR	FRAGOV	043	2	19	1	2.8	1	46	2	1	46	2	1	46	2
19790101	AFR	ZMB	100	2	18	3	-5									
19790101	ARG	ARGGOVMIL	172	1	4	4	-5	4	-14.4432	28.4517	4	-14.4432	28.4517	4	-14.4432	28.4517
19790101	ARG	CHL	172	2	4	4	-5	1	-34	-64	1	-30	-71	1	-34	-64
19790101	ARG	VATGOV	072	1	4	2	8.3	1	-34	-64	1	-34	-64	1	-34	-64
19790101	ATH	MOSGOV	120	1	2	3	-4	1	-34	-64	1	-34	-64	1	-34	-64
19790101	ATH	RUS	120	2	5	3	-4							4	55.7522	37.6156
19790101	BUS	CHNGOV	111	1	7	3	-2	4	52.1256	140.381	4	52.1256	140.381	4	52.1256	140.381
19790101	BUS	USA	040	1	4	1	1	4	31.85	117.683	4	31.85	117.683	4	31.85	117.683
19790101	CAF	COD	046	3	19	1	7	1	7	21	1	15	19	1	7	21
19790101	CAF	TCD	046	2	19	1	7	1	7	21	1	15	19	1	7	21
19790101	CAN	CANBUS	030	1	1	1	4	1	7	21	1	15	19	1	7	21
19790101	CAN	KHM	051	2	17	1	3.4	1	60	-95	1	60	-95	1	60	-95
19790101	CAN	KHMGOV	040	1	4	1	1	1	60	-95	1	60	-95	1	60	-95
19790101	CHL	CHLGOVLAB	036	1	1	1	4	1	60	-95	1	60	-95	1	60	-95
19790101	CHL	CHLGOVLAB	040	1	1	1	1	1	-30	-71	1	-30	-71	1	-30	-71
19790101	CHL	CHLMIL	010	1	2	1	0	1	-30	-71	1	-30	-71	1	-30	-71
19790101	CHL	GOV	112	1	4	3	-2	1	-30	-71	1	-30	-71	1	-30	-71
19790101	CHL	GOVLAB	036	1	1	1	4	1	-30	-71	1	-30	-71	1	-30	-71
19790101	CHL	GOVLAB	040	1	1	1	1	1	-30	-71	1	-30	-71	1	-30	-71
19790101	CHLGOVLAB	CHL	036	1	1	1	4	1	-30	-71	1	-30	-71	1	-30	-71
19790101	CHLGOVLAB	CHL	040	1	1	1	1	1	-30	-71	1	-30	-71	1	-30	-71
19790101	CHLGOVMIL	GOV	036	1	9	1	4	1	-30	-71	1	-30	-71	1	-30	-71
19790101	CHL	HUN	040	2	5	1	1	1	42.8333	12.8333	4	47.5	19.0833	4	47.5	19.0833
19790101	CHL	ITA	046	2	10	1	7	1	-30	-71	4	47.5	19.0833	4	47.5	19.0833
19790101	CHN	CHNGOV	051	1	5	1	3.4	1	-30	-71	1	42.8333	12.8333	4	47.5	19.0833
19790101	CHN	CHNGOV	0841	1	6	2	7	4	39.9289	116.388	4	39.9289	116.388	4	39.9289	116.388
19790101	CHN	CRM	112	2	10	3	-2	4	21.0833	106.5	4	21.0833	106.5	4	21.0833	106.5
19790101	CHNCVL	GOV	020	1	2	1	3	4	26.5768	117.742	4	26.5768	117.742	4	26.5768	117.742
19790101	CHN	GOV	050	2	2	1	3.5	2	34.9513	-92.3809	2	34.9513	-92.3809	2	34.9513	-92.3809
19790101	CHN	GOV	054	1	3	1	6	4	39.9289	116.388	2	34.9513	-92.3809	4	39.9289	116.388
19790101	CHNGOV	CHN	020	1	2	1	3	4	24	121	4	24	121	4	24	121
19790101	CHNGOV	CHN	050	1	1	1	3.5	4	24	121	4	24	121	4	24	121
19790101	CHNGOV	CHN	051	1	1	1	3.4	4	39.9289	116.388	4	39.9289	116.388	4	39.9289	116.388
19790101	CHNGOV	VNM	180	1	2	4	-9	4	39.9289	116.388	4	39.9289	116.388	4	39.9289	116.388
19790101	CHN	MIL	193	1	10	4	-10	4	26.5768	117.742	4	21.0833	106.5	4	21.0833	106.5
19790101	CHN	TWN	020	2	15	1	3	4	25.9383	119.651	4	25.9383	119.651	4	25.9383	119.651
19790101	CHN	USA	017	1	2	1	0	4	39.9289	116.388	4	24	119	4	39.9289	116.388
19790101	CHN	USA	036	5	16	1	4	4	39.9289	116.388	2	33.7712	-111.388	4	39.9289	116.388
19790101	CHN	USA	042	3	9	1	1.9	4	39.9289	116.388	4	39.9289	116.388	4	39.9289	116.388
19790101	CHN	USA	051	2	2	1	3.4	4	39.9289	116.388	3	38.8951	-77.0364	3	38.8951	-77.0364
19790101	CHN	VNM	046	1	1	1	7	4	39.9289	116.388	3	38.8951	-77.0364	4	39.9289	116.388
19790101	CHN	VNM	180	1	2	4	-9	4	26.5768	117.742	4	26.5768	117.742	4	26.5768	117.742
19790101	CHN	VNM	192	2	2	4	-9.5	4	26.5768	117.742	4	21.0833	106.5	4	26.5768	117.742
19790101	CHRCTH	CVL	042	1	9	1	1.9	4	26.5768	117.742	4	26.5768	117.742	4	26.5768	117.742
19790101	CHRCTH	GOV	042	1	9	1	1.9	1	41.9	12.45	1	41.9	12.45	1	41.9	12.45
19790101	COD	CAF	046	3	19	1	7	1	15	19	1	7	21	1	7	21
19790101	COPGOV	GOV	040	1	5	1	1	1	15	19	1	7	21	1	7	21
19790101	COP	USA	190	1	4	4	-10	4	53.4395	14.5939	4	53.4395	14.5939	4	53.4395	14.5939
19790101	COP	USAELIGOV	010	1	9	1	0	3	32.7831	-96.8067	3	32.7831	-96.8067	3	32.7831	-96.8067
19790101	CRM	CAN	010	1	4	1	0	4	21.6833	-82.8667	4	21.6833	-82.8667	4	21.6833	-82.8667
19790101	CRM	CAN	081	1	1	2	5	1	60	-95	1	60	-95	1	60	-95
19790101	CRM	CAN	173	1	1	4	-5	1	60	-95	1	60	-95	1	60	-95
19790101	CUBGOV	USA	017	1	5	1	0	1	60	-95	1	60	-95	1	60	-95
19790101	CUBGOV	USA	050	1	5	1	3.5	1	38	-97	1	21.5	-80	1	38	-97
19790101	CUBGOV	USA	111	1	5	3	-2	1	21.5	-80	1	38	-97	1	38	-97
19790101	CUBLEG	GOV	010	1	2	1	0	1	21.5	-80	1	38	-97	1	38	-97
19790101	CUBLEG	GOV	186	1	2	4	-10	4	21.6833	-82.8667	4	21.6833	-82.8667	4	21.6833	-82.8667
19790101	CUB	USA	017	1	4	1	0	4	21.6833	-82.8667	4	21.6833	-82.8667	4	21.6833	-82.8667
19790101	CUB	USA	050	1	4	1	3.5	1	38	-97	1	21.5	-80	1	38	-97
19790101	CUB	USA	111	1	4	3	-2	1	21.5	-80	1	38	-97	1	38	-97
19790101	CVL	CHRCTH	043	1	9	1	2.8	1	21.5	-80	1	38	-97	1	38	-97
19790101	CVL	EGY	046	1	4	1	7	1	41.9	12.45	1	41.9	12.45	1	41.9	12.45
19790101	CVL	GOV	020	2	5	1	3	4	39.9289	116.388	4	39.9289	116.388	4	39.9289	116.388
19790101	CVL	HLH	043	2	5	1	2.8	3	40.8559	-73.2007	3	40.8559	-73.2007	3	40.8559	-73.2007
19790101	CVL	UAF	180	1	10	4	-9	3	43.152	-76.061	3	43.152	-76.061	3	43.152	-76.061
19790101	CVL	VNM	190	1	2	4	-10	4	-22.2167	29.9833	4	-22.2167	29.9833	4	-22.2167	29.9833
19790101	EDU	USA	040	1	5	1	1	4	21.0833	106.5	4	22.8333	106.517	4	21.0833	106.5
19790101	EDU	USA	182	1	5	4	-9.5	3	40.8667	-81.4387	3	40.8667	-81.4387	3	40.8667	-81.4387
19790101	EGY	CVL	046	2	4	1	7	4	31.2754	34.1679	4	31.2754	34.1679	4	31.2754	34.1679
19790101	EGYEDU	EGY	040	1	2	1	1	4	31.2754	34.1679	4	31.7444	34.6809	4	31.7444	34.6809
19790101	EGY	EGYEDU	040	1	2	1	1	1	27	30	1	27	30	1	27	30
19790101	EGY	GOV	040	1	4	1	1	1	27	30	1	27	30	1	27	30
19790101	EGYGOV	GOV	040	2	15	1	1	1	27	30	1	27	30	1	27	30
19790101	EGY	ISR	012	2	9	1	-0.4	1	27	30	1	27	30	1	31.5	34.75
19790101	EGY	PSE	046	4	9	1	7	1	33	44	1	33	44	1	33	44
19790101	EGY	PSE	1044	2	9	3	-5	1	60	100	1	27	30	4	32.0667	34.7667
19790101	ERI	SEP	080	1	2	2	5	1	27	30	1	31.6667	35.25	1	27	30
19790101	ERISEP	SEP	080	1	6	2	5	1	15	39	1	15	39	1	15	39
19790101	FRA	AFR	042	1	4	1	1.9	1	15	39	1	15	39	1	15	39
19790101	FRA	GAB	042	2	4	1	1.9	4	0.383333	9.45	1	46	2	1	46	2
19790101	FRA	GAB	051	3	19	1	3.4	1	46	2	4	0.383333	9.45	1	46	2
19790101	FRA	GABELIGOV	046	2	2	1	7	1	46	2	1	46	2	1	46	2
19790101	FRAGOV	AFR	042	2	19	1	1.9	1	46	2	1	46	2	1	46	2
19790101	FRAGOV	FRA	051	1	2	1	3.4	1	46	2	1	46	2	1	46	2
19790101	FRAGOV	GAB	042	3	17	1	1.9	4	0.383333	9.45	1	46	2	1	46	2
19790101	FRAGOV	GAB	050	1	2	1	3.5	4	0.383333	9.45	1	46	2	1	46	2
19790101	FRAGOV	GABELIGOV	046	2	15	1	7	1	46	2	4	0.383333	9.45	1	46	2
19790101	FRA	IRQ	051	1	3	1	3.4	1	46	2	4	0.383333	9.45	1	46	2
19790101	FRA	MIL	070	2	19	2	7	1	46	2	1	46	2	1	46	2
19790101	GABELIGOV	FRA	046	2	2	1	7	1	46	2	1	46	2	1	46	2
19790101	GABELIGOV	FRAGOV	046	2	15	1	7	4	0.383333	9.45	1	46	2	1	46	2
19790101	GAB	FRA	043	1	4	1	2.8	4	0.383333	9.45	1	46	2	1	46	2
19790101	GAB	FRAGOV	043	4	17	1	2.8	4	0.383333	9.45	1	46	2	1	46	2
19790101	GOV	CHLGOVMIL	036	1	9	1	4	4	0.383333	9.45	1	46	2	1	46	2
19790101	GOV	CHN	020	1	7	1	3	1	-30	-71	1	-30	-71	1	-30	-71
19790101	GOV	CHN	0841	1	4	2	7	4	31.85	117.683	4	31.85	117.683	4	31.85	117.683
19790101	GOV	CHN	111	1	10	3	-2	4	26.5768	117.742	4	26.5768	117.742	4	26.5768	117.742
19790101	GOV	CHRCTH	043	1	9	1	2.8	1	38	-97	1	38	-97	1	38	-97
19790101	GOV	COPGOV	044	1	5	1	2.5	1	41.9	12.45	1	41.9	12.45	1	41.9	12.45
19790101	GOV	EGY	040	2	4	1	1	1	27	30	1	27	30	1	27	30
19790101	GOV	EGYGOV	040	2	15	1	1	1	27	30	4	24.6408	46.7728	1	27	30
19790101	GOV	FRA	010	4	19	1	0	4	0.383333	9.45	1	46	2	1	46	2
19790101	GOV	FRA	051	4	27	1	3.4	4	0.383333	9.45	1	46	2	1	46	2
19790101	GOV	FRA	060	1	9	2	6	4	0.383333	9.45	1	46	2	1	46	2
19790101	GOV	GAB	050	2	17	1	3.5	1	46	2	4	0.383333	9.45	1	46	2
19790101	GOV	GRD	1123	1	4	3	-2	1	46	2	4	0.383333	9.45	1	46	2
19790101	GOV	GRD	193	1	4	4	-10							4	12.05	-61.75
19790101	GOV	GUYGOV	071	1	2	2	7.4							4	12.05	-61.75
19790101	GOV	IRN	100	1	2	3	-5	4	6.8	-58.15	1	38	-97	4	6.8	-58.15
19790101	GOV	ISR	012	2	9	1	-0.4									
19790101	GOV	ISR	050	1	10	1	3.5	1	27	30	1	31.5	34.75	1	27	30
19790101	GOV	JUD	010	1	9	1	0	1	-26.5	31.5	1	31.5	34.75	1	31.5	34.75
19790101	GOV	KHM	051	3	9	1	3.4	1	60	100	4	12.45	107.2	4	12.45	107.2
19790101	GOVLAB	CHL	036	1	1	1	4	4	21.0333	105.85	4	12.45	107.2	4	12.45	107.2
19790101	GOVLAB	CHL	040	1	1	1	1	1	-30	-71	1	-30	-71	1	-30	-71
19790101	GOV	MIL	051	1	10	1	3.4	1	-30	-71	1	-30	-71	1	-30	-71
19790101	GOVMIL	CHN	010	1	5	1	0	1	1	32	1	1	32	1	1	32
19790101	GOVMIL	CHN	192	2	7	4	-9.5	1	38	-97	4	39.9289	116.388	4	39.9289	116.388
19790101	GOVMIL	IRN	043	1	4	1	2.8	1	38	-97	4	21.0333	105.85	4	39.9289	116.388
19790101	GOVMIL	KHM	012	2	2	1	-0.4	4	21.0333	105.85	4	21.0333	105.85	4	12.45	107.2
19790101	GOVMIL	VNM	010	1	1	1	0	4	39.9289	116.388	4	12.45	107.2	4	39.9289	116.388
19790101	GOV	POL	044	1	2	1	2.5	1	38	-97	4	21.0333	105.85	4	39.9289	116.388
19790101	GOV	SAU	042	3	9	1	1.9	4	24.6408	46.7728	1	27	30	1	27	30
19790101	GOV	SWZ	050	2	10	1	3.5	1	-26.5	31.5	1	31.5	34.75	1	31.5	34.75
19790101	GOV	TUR	020	1	4	1	3	1	-26.5	31.5	1	-26.5	31.5	1	31.5	34.75
19790101	GOV	TWN	043	1	1	1	2.8	1	39	35	1	39	35	1	39	35
19790101	GOV	TWN	046	2	7	1	7	4	39.9289	116.388	4	24	119	4	24	119
19790101	GOV	TZA	020	1	10	1	3	4	24	119	4	24	119	4	24	119
19790101	GRC	EUR	020	1	4	1	3	2	39.8647	-86.2604	2	39.8647	-86.2604	2	39.8647	-86.2604
19790101	HLH	CVL	042	2	5	1	1.9	3	40.8559	-73.2007	3	40.8559	-73.2007	3	40.8559	-73.2007
19790101	HLH	CVL	051	3	9	1	3.4	3	43.152	-76.061	3	43.152	-76.061	3	43.152	-76.061
19790101	HLH	CVL	180	4	9	4	-9	4	11.2756	105.283	4	11.2756	105.283	4	12.4881	106.019
19790101	HUN	CHL	040	1	5	1	1	1	60	100	1	60	100	4	11.2756	105.283
19790101	IDN	GOV	190	2	9	4	-10	4	-8.55861	125.574	4	-8.55861	125.574	4	-8.55861	125.574
19790101	IDNGOV	TMP	010	1	10	1	0	4	-6.17444	106.829	4	-6.17444	106.829	4	-6.17444	106.829
19790101	IDNGOV	TMP	012	1	10	1	-0.4	4	-8.89389	125.704	1	-5	120	4	-8.89389	125.704
19790101	IGOUNOGOV	MED	110	1	9	3	-2	4	-8.89389	125.704	4	-8.89389	125.704	4	-8.89389	125.704
19790101	IRN	GOVMIL	042	1	4	1	1.9									
19790101	IRN	LAB	043	1	5	1	2.8	4	35.705	51.4216	4	35.705	51.4216	4	35.705	51.4216
19790101	IRN	MED	043	1	5	1	2.8	4	35.705	51.4216	4	35.705	51.4216	4	35.705	51.4216
19790101	ISR	EGY	050	2	7	1	3.5	4	31.7667	35.2333	4	29.9314	32.5628	4	31.7667	35.2333
19790101	ISR	EGY	080	1	3	2	5	4	31.7667	35.2333	4	29.9314	32.5628	4	29.5	34
19790101	ITA	CHL	046	2	10	1	7	4	47.5	19.0833	1	-30	-71	4	47.5	19.0833
19790101	JUD	MCOELI	046	1	2	1	7	1	42.8333	12.8333	1	-30	-71	4	47.5	19.0833
19790101	JUD	USA	020	1	5	1	3	3	40.1403	-105.432	3	40.1403	-105.432	3	40.1403	-105.432
19790101	JUD	USA	051	1	2	1	3.4	2	42.1497	-74.9384	2	42.1497	-74.9384	2	42.1497	-74.9384
19790101	JUD	USA	120	1	7	3	-4	2	42.1497	-74.9384	2	42.1497	-74.9384	2	42.1497	-74.9384
19790101	JUD	USAHRI	020	1	1	1	3	2	42.1497	-74.9384	2	42.1497	-74.9384	2	42.1497	-74.9384
19790101	JUD	USAHRI	120	1	2	3	-4	2	42.1497	-74.9384	2	42.1497	-74.9384	2	42.1497	-74.9384
19790101	KHM	CVL	190	1	4	4	-10	2	42.1497	-74.9384	2	42.1497	-74.9384	2	42.1497	-74.9384
19790101	KHMGOV	CAN	040	1	4	1	1	4	13.7394	106.987	4	13.7394	106.987	4	13.7394	106.987
19790101	KHMGOV	CAN	051	1	4	1	3.4	1	60	-95	1	60	-95	1	60	-95
19790101	KHMGOV	KHM	040	3	15	1	1	1	60	100	1	60	-95	1	60	100
19790101	KHMGOV	KHM	190	1	3	4	-10	1	60	100	1	60	-95	1	60	100
19790101	KHMGOV	VNM	1123	2	3	3	-2	4	11.3	106.1	4	13.7394	106.987	4	13.7394	106.987
19790101	KHM	KHMGOV	040	3	15	1	1	1	60	-95	1	60	100	1	60	100
19790101	KHM	KHMGOV	080	1	3	2	5	1	60	-95	1	60	100	1	60	100
19790101	KHM	KHMREB	190	1	9	4	-10	4	12.45	107.2	4	12.45	107.2	4	12.45	107.2
19790101	KHM	MIL	190	1	2	4	-10	4	12.45	107.2	4	12.45	107.2	4	12.45	107.2
19790101	KHM	PER	043	2	2	1	2.8	1	-10	-76	1	-10	-76	1	-10	-76
19790101	KHM	PEREDU	043	2	15	1	2.8	4	11.55	104.917	1	-10	-76	1	-10	-76
19790101	KHM	REB	120	2	4	3	-4	4	11.3	106.1	4	13.7394	106.987	4	11.3	106.1
19790101	KHM	REB	172	1	4	4	-5	4	11.3	106.1	4	13.7394	106.987	4	13.7394	106.987
19790101	KHMREB	KHM	172	1	5	4	-5	4	11.55	104.917	4	11.55	104.917	4	11.55	104.917
19790101	KHMREB	REB	120	2	5	3	-4	4	11.3	106.1	4	13.7394	106.987	4	13.7394	106.987
19790101	KHM	VNM	026	3	7	1	4	4	12.45	107.2	4	12.45	107.2	4	12.45	107.2
19790101	KHM	VNM	036	2	9	1	4	4	12.45	107.2	4	12.45	107.2	4	12.45	107.2
19790101	KHM	VNM	043	3	10	1	2.8	4	13.7394	106.987	4	10.25	105.917	4	10.25	105.917
19790101	KHM	VNM	111	2	4	3	-2	4	12.45	107.2	1	38	-97	1	38	-97
19790101	KHM	VNM	195	2	5	4	-10	4	21.0333	105.85	4	21.0333	105.85	4	21.0333	105.85
19790101	LAB	IRN	042	1	5	1	1.9	4	11.2756	105.283	4	10.25	105.917	4	10.25	105.917
19790101	LAB	OPP	042	2	9	1	1.9	3	38.8951	-77.0364	4	35.705	51.4216	3	38.8951	-77.0364
19790101	LEG	CHN	010	2	9	1	0	2	40.3736	-82.7755	2	40.3736	-82.7755	2	40.3736	-82.7755
19790101	LEG	GOV	010	1	7	1	0	2	40.3736	-82.7755	4	39.9289	116.388	2	40.3736	-82.7755
19790101	LEG	GOV	186	1	7	4	-10	4	21.6833	-82.8667	4	21.6833	-82.8667	4	21.6833	-82.8667
19790101	LEG	TWN	010	3	9	1	0	2	40.3736	-82.7755	2	40.3736	-82.7755	2	40.3736	-82.7755
19790101	LEG	USA	042	2	4	1	1.9	2	37.768	-78.2057	2	37.768	-78.2057	2	37.768	-78.2057
19790101	LEG	USA	120	1	7	3	-4	3	34.0522	-118.244	2	37.768	-78.2057	2	37.768	-78.2057
19790101	LKAGOV	SOM	051	3	17	1	3.4	1	7	81	1	10	49	1	10	49
19790101	MCOELI	JUD	013	1	2	1	0.4	1	7	81	1	10	49	1	10	49
19790101	MCOELI	JUD	046	1	2	1	7	3	40.1403	-105.432	3	40.1403	-105.432	3	40.1403	-105.432
19790101	MCOELI	USAJUD	013	1	2	1	0.4	3	40.1403	-105.432	3	40.1403	-105.432	3	40.1403	-105.432
19790101	MCOELI	USAJUD	046	1	2	1	7	3	40.3978	-105.075	3	40.3978	-105.075	3	40.3978	-105.075
19790101	MED	CHN	022	1	4	1	3.2	3	40.3978	-105.075	3	40.3978	-105.075	3	40.3978	-105.075
19790101	MED	CHN	060	1	4	2	6	4	39.9289	116.388	4	39.9289	116.388	4	39.9289	116.388
19790101	MED	HLH	0353	1	5	1	7	4	39.9289	116.388	4	39.9289	116.388	4	39.9289	116.388
19790101	MED	HLH	1721	1	5	4	-5	2	40.314	-74.5089	2	40.314	-74.5089	2	40.314	-74.5089
19790101	MED	IRN	042	1	5	1	1.9	2	40.314	-74.5089	2	40.314	-74.5089	2	40.314	-74.5089
19790101	MED	MIL	011	1	5	1	-0.1	1	32	53	1	32	53	1	32	53
19790101	MED	SAUGOV	036	1	3	1	4	1	32	53	3	38.8951	-77.0364	3	38.8951	-77.0364
19790101	MIL	AFR	0311	2	19	1	5.2	1	46	2	1	46	2	1	46	2
19790101	MIL	CVL	190	1	1	4	-10	1	46	2	1	46	2	1	46	2
19790101	MIL	GOV	020	1	9	1	3	4	13.7394	106.987	4	13.7394	106.987	4	13.7394	106.987
19790101	MIL	KHM	072	1	8	2	8.3									
19790101	MIL	USA	0334	2	9	1	6	3	33.4484	-112.074	2	33.7712	-111.388	3	33.4484	-112.074
19790101	MOS	RUS	040	1	1	1	1	3	33.4484	-112.074	3	33.4484	-112.074	3	33.4484	-112.074
19790101	MOS	RUS	043	1	2	1	2.8							4	55.7522	37.6156
19790101	MOS	RUS	051	1	1	1	3.4	4	52.1256	140.381	4	52.1256	140.381	4	52.1256	140.381
19790101	NAMELI	NAM	020	2	19	1	3	1	-22	17	1	-22	17	1	-22	17
19790101	NAMELI	NAM	111	2	19	3	-2	1	-22	17	1	-22	17	1	-22	17
19790101	NIC	CVL	190	1	4	4	-10	1	-22	17	1	-22	17	1	-22	17
19790101	NICGOVHRI	CVL	190	1	5	4	-10							4	12.1508	-86.2683
19790101	NPL	PAK	043	2	4	1	2.8							4	27.7167	85.3167
19790101	OPP	LAB	043	2	9	1	2.8	4	35.705	51.4216	3	38.8951	-77.0364	3	38.8951	-77.0364
19790101	PAK	NPL	042	1	4	1	1.9	4	35.705	51.4216	4	35.705	51.4216	4	35.705	51.4216
19790101	PEREDU	KHM	042	2	15	1	1.9	1	-10	-76	4	11.55	104.917	1	-10	-76
19790101	PER	KHM	042	2	2	1	1.9	1	-10	-76	1	-10	-76	1	-10	-76
19790101	POL	GOV	040	1	2	1	1	1	-10	-76	4	11.55	104.917	4	11.55	104.917
19790101	POL	POLMIL	190	1	2	4	-10	4	53.4395	14.5939	4	53.4395	14.5939	4	53.4395	14.5939
19790101	PSE	EGY	046	2	9	1	7	1	27	30	1	60	100	1	27	30
19790101	REB	MIL	190	1	5	4	-10	1	31.6667	35.25	1	27	30	4	32.0667	34.7667
19790101	REB	PRT	0874	2	7	2	10	4	-8.55861	125.574	1	39.5	-8	4	-8.55861	125.574
19790101	RUS	AFR	010	1	4	1	0	4	-8.55861	125.574	1	39.5	-8	1	39.5	-8
19790101	RUS	AFR	012	1	8	1	-0.4	1	60	100	1	46	2	1	46	2
19790101	RUSGOV	GUY	071	2	2	2	7.4	1	38	-97	1	38	-97	1	38	-97
19790101	RUSGOV	GUYGOV	071	1	3	2	7.4	4	6.8	-58.15	4	6.8	-58.15	4	6.8	-58.15
19790101	RUS	GUYGOV	0841	3	7	2	7	4	6.8	-58.15	1	38	-97	4	6.8	-58.15
19790101	RUS	IRN	100	1	2	3	-5	1	60	100	4	4	-60	1	60	100
19790101	RUS	MOS	040	1	1	1	1							4	55.7522	37.6156
19790101	RUS	MOS	042	1	2	1	1.9							4	55.7522	37.6156
19790101	RUS	UZB	040	2	3	1	1	1	38	-97	1	38	-97	1	38	-97
19790101	SAU	ATH	054	1	2	1	6	1	38	-97	4	41.3167	69.25	4	41.3167	69.25
19790101	SAU	EGY	030	1	9	1	4	4	21.4267	39.8261				4	55.7522	37.6156
19790101	SAUELIGOV	SAUGOV	036	1	3	1	4	4	24.4686	39.6142	1	31.5	34.75	4	24.4686	39.6142
19790101	SAU	GOV	043	3	9	1	2.8	1	27	30	4	24.6408	46.7728	1	27	30
19790101	SAUGOV	MED	036	1	3	1	4	4	24.6408	46.7728	1	27	30	4	24.6408	46.7728
19790101	SAUGOV	SAU	036	1	2	1	4	1	31.5	34.75	1	31.5	34.75	1	27	30
19790101	SAUGOV	SAUELIGOV	036	2	3	1	4	1	31.5	34.75	1	31.5	34.75	1	27	30
19790101	SAUGOV	SAUMED	036	1	1	1	4	1	31.5	34.75	1	27	30	1	27	30
19790101	SAUMED	SAUGOV	036	1	1	1	4	1	31.5	34.75	1	31.5	34.75	1	27	30
19790101	SAU	RUS	054	3	5	1	6	4	21.4267	39.8261	4	52.1256	140.381	4	55.7522	37.6156
19790101	SAU	SAUGOV	036	1	2	1	4	4	21.4267	39.8261	4	52.1256	140.381	4	52.1256	140.381
19790101	SEA	LAO	141	1	6	3	-6.5	4	24.4686	39.6142	4	24.4686	39.6142	4	24.4686	39.6142
19790101	SYR	MOS	020	2	4	1	3	1	35	38	4	21.4267	39.8261	4	21.4267	39.8261
19790101	SYR	RUS	020	1	1	1	3	1	35	38	4	52.1256	140.381	4	52.1256	140.381
19790101	SYR	SAU	042	2	7	1	1.9	4	52.1256	140.381	4	52.1256	140.381	4	52.1256	140.381
19790101	TCD	CAF	046	2	19	1	7	1	15	19	1	7	21	1	7	21
19790101	TMP	IDN	080	1	4	2	5	1	15	19	1	7	21	1	7	21
19790101	TURELI	GOV	112	1	9	3	-2	4	-8.89389	125.704	1	-5	120	1	-5	120
19790101	TWN	CHN	010	3	7	1	0	4	24.4367	118.318	4	39.9289	116.388	4	39.9289	116.388
19790101	TWN	CHN	020	2	9	1	3	4	39.9289	116.388	4	39.9289	116.388	4	25.0478	121.532
19790101	TWN	CHN	120	2	3	3	-4	3	38.8951	-77.0364	4	22.7596	121.164	4	22.7596	121.164
19790101	TWN	GOV	042	1	1	1	1.9	4	22.7596	121.164	4	39.9289	116.388	4	22.7596	121.164
19790101	TWN	GOV	046	2	7	1	7	4	24	119	4	39.9289	116.388	4	24	119
19790101	TWN	GOV	054	1	2	1	6	4	24	119	4	24	119	4	24	119
19790101	TWN	GOV	120	1	2	3	-4	4	24	121	4	24	121	4	24	121
19790101	TWNGOV	CHN	020	1	8	1	3	4	22.7596	121.164	4	22.7596	121.164	4	22.7596	121.164
19790101	TWNGOV	CHN	120	1	3	3	-4	4	24	121	4	24	121	4	24	121
19790101	TWN	LEG	020	1	2	1	3	4	24	121	4	39.9289	116.388	4	39.9289	116.388
19790101	TWNMED	TWN	051	2	2	1	3.4	1	22.25	114.167	4	24.4367	118.318	4	24.4367	118.318
19790101	UAF	AFR	010	2	5	1	0	1	60	100	1	46	2	1	46	2
19790101	UAF	AFR	012	2	11	1	-0.4	1	60	100	1	46	2	1	46	2
19790101	UAF	CVL	190	1	10	4	-10	1	60	100	1	46	2	1	46	2
19790101	USA	BUS	040	1	4	1	1	4	-22.2167	29.9833	4	-22.2167	29.9833	4	-22.2167	29.9833
19790101	USA	CHN	013	2	9	1	0.4	3	38.8951	-77.0364	3	38.8951	-77.0364	3	38.8951	-77.0364
19790101	USA	CHN	036	2	7	1	4	4	39.9289	116.388	4	39.9289	116.388	4	39.9289	116.388
19790101	USA	CHN	043	3	9	1	2.8	4	39.9289	116.388	4	39.9289	116.388	4	39.9289	116.388
19790101	USA	CHN	054	3	9	1	6	4	39.9289	116.388	4	25.0478	121.532	4	39.9289	116.388
19790101	USA	CHN	161	1	7	4	-4	4	25.0478	121.532	4	31.2222	121.458	4	25.0478	121.532
19790101	USA	COP	193	1	4	4	-10	3	38.8951	-77.0364	4	39.9289	116.388	3	38.8951	-77.0364
19790101	USACOP	GOV	190	2	5	4	-10	3	32.7831	-96.8067	3	32.7831	-96.8067	3	32.7831	-96.8067
19790101	USA	EDU	040	1	5	1	1	3	32.811	-96.8381	3	32.811	-96.8381	3	32.811	-96.8381
19790101	USA	GOV	010	1	7	1	0	3	40.8667	-81.4387	3	40.8667	-81.4387	3	40.8667	-81.4387
19790101	USA	GOV	020	1	4	1	3	3	38.8951	-77.0364	3	38.8951	-77.0364	3	38.8951	-77.0364
19790101	USA	GOV	190	1	4	4	-10	3	38.8951	-77.0364	3	38.8951	-77.0364	3	38.8951	-77.0364
19790101	USA	IRNELIGOV	030	2	5	1	4	4	35.705	51.4216	3	38.8951	-77.0364	3	38.8951	-77.0364
19790101	USAJUD	BUS	1711	1	9	4	-9.2	3	38.8951	-77.0364	3	38.8951	-77.0364	3	38.8951	-77.0364
19790101	USAJUD	KOR	120	1	6	3	-4	1	37	127.5	1	37	127.5	1	37	127.5
19790101	USAJUD	MCOELI	046	1	2	1	7	1	37	127.5	1	37	127.5	1	37	127.5
19790101	USAJUD	USA	046	1	2	1	7	3	40.3978	-105.075	3	40.3978	-105.075	3	40.3978	-105.075
19790101	USAJUD	USAGOV	120	1	3	3	-4	3	40.3978	-105.075	3	40.3978	-105.075	3	40.3978	-105.075
19790101	USA	LEG	043	2	4	1	2.8	2	37.768	-78.2057	2	37.768	-78.2057	2	37.768	-78.2057
19790101	USA	MED	130	1	9	3	-4.4	2	37.768	-78.2057	3	34.0522	-118.244	2	37.768	-78.2057
19790101	USA	MIL	014	1	2	1	0	3	38.8951	-77.0364	3	38.8951	-77.0364	3	38.8951	-77.0364
19790101	USA	MIL	072	1	2	2	8.3	2	42.1497	-74.9384	3	38.8951	-77.0364	3	38.8951	-77.0364
19790101	USAPRIJUD	USA	080	1	4	2	5	2	42.1497	-74.9384	3	38.8951	-77.0364	3	38.8951	-77.0364
19790101	USA	SGP	060	2	9	2	6	1	38	-97	1	1.3667	103.8	1	38	-97
19790101	USA	USAJUD	010	1	2	1	0	1	38	-97	1	1.3667	103.8	1	1.3667	103.8
19790101	USA	USAJUD	046	1	2	1	7	2	42.1497	-74.9384	2	42.1497	-74.9384	2	42.1497	-74.9384
19790101	USA	USAMIL	010	2	8	1	0	3	38.8951	-77.0364						
19790101	USA	UZB	040	1	1	1	1	3	38.8951	-77.0364				3	38.8951	-77.0364
19790101	UZB	RUS	040	2	3	1	1	1	38	-97	1	38	-97	1	38	-97
19790101	UZB	USA	040	1	1	1	1	4	41.3167	69.25	1	38	-97	4	41.3167	69.25
19790101	VATGOV	ARGGOVMIL	072	1	5	2	8.3	4	41.3167	69.25	1	38	-97	4	41.3167	69.25
19790101	VATGOV	ARGGOVMIL	172	1	5	4	-5	1	-34	-64	1	-34	-64	1	-34	-64
19790101	VATGOV	CHL	072	2	5	2	8.3	1	-34	-64	1	-34	-64	1	-34	-64
19790101	VATGOV	CHL	172	2	5	4	-5	1	-34	-64	1	-34	-64	1	-34	-64
19790101	VNM	CHN	046	1	1	1	7	1	-34	-64	1	-30	-71	1	-34	-64
19790101	VNM	CHN	141	2	4	3	-6.5	4	21.0833	106.5	4	21.0833	106.5	4	21.0833	106.5
19790101	VNM	CHN	190	1	1	4	-10	4	26.5768	117.742	4	26.5768	117.742	4	26.5768	117.742
19790101	VNM	CHNGOV	141	1	4	3	-6.5	4	21.0833	106.5	4	26.5768	117.742	4	21.0833	106.5
19790101	VNMGOV	CHNGOV	141	1	2	3	-6.5	4	26.5768	117.742	4	26.5768	117.742	4	26.5768	117.742
19790101	VNMGOV	VNM	072	1	2	2	8.3	4	26.5768	117.742	4	26.5768	117.742	4	26.5768	117.742
19790101	VNM	KHM	042	3	10	1	1.9	4	10.25	105.917	4	13.7394	106.987	4	10.25	105.917
19790101	VNM	KHM	111	1	4	3	-2	4	10.25	105.917	4	13.7394	106.987	4	13.7394	106.987
19790101	VNM	KHM	190	1	2	4	-10	4	10.25	105.917	4	11.55	104.917	4	11.55	104.917
19790101	VNM	KHMGOV	111	1	3	3	-2	4	11.9118	105.658	4	11.9118	105.658	4	11.9118	105.658
19790101	VNMMED	KHMGOV	111	1	2	3	-2	4	10.25	105.917	4	11.55	104.917	4	11.55	104.917
19790101	VNM	VNMGOV	086	1	2	2	9	4	10.25	105.917	4	11.55	104.917	4	11.55	104.917
19790101	ZMB	LEG	044	2	19	1	2.5	1	-22	17	1	-22	17	1	-22	17
19790101	ZMB	LEG	110	2	19	3	-2	4	-14.4432	28.4517	4	-14.4432	28.4517	4	-14.4432	28.4517
19790101	ZMB	NAM	013	2	19	1	0.4	4	-14.4432	28.4517	1	-22	17	4	-14.4432	28.4517
19790101	ZWE	EUR	020	1	1	1	3	4	-14.4432	28.4517	1	-22	17	4	-14.4432	28.4517
19790102	AFR	GBR	043	3	6	1	2.8	4	-22.6523	30.0466	1	54	-2	4	-22.6523	30.0466
19790102	AFR	GOV	040	2	8	1	1	4	29.9667	31.25	1	1	32	1	1	32
19790102	AFR	TZA	042	1	4	1	1.9	1	1	32	1	1	32	1	1	32
19790102	AFR	UGAGOV	040	1	2	1	1	5	-2	31.5	5	-2	31.5	5	-2	31.5
19790102	ARE	EGY	042	1	8	1	1.9	1	1	32	1	1	32	1	1	32
19790102	ARE	MIL	042	3	10	1	1.9	4	30.05	31.25	4	30.05	31.25	4	30.05	31.25
19790102	AUS	NGOHLHIRC	073	1	10	2	7.4	4	24.4667	54.3667	4	30.05	31.25	4	30.05	31.25
19790102	BGR	ESP	043	1	7	1	2.8	1	-27	133	1	-5	120	1	-5	120
19790102	BHR	MED	036	1	10	1	4	1	43	25	1	40	-4	1	43	25
19790102	BUS	CVL	100	2	10	3	-5	4	28.6411	111.779	4	28.6411	111.779	4	28.6411	111.779
19790102	BUS	FRA	042	1	4	1	1.9	1	36	138	1	36	138	1	36	138
19790102	BUS	GOV	120	2	4	3	-4	4	11	107	4	26.3289	111.233	4	26.3289	111.233
19790102	BUS	LAB	010	1	9	1	0	4	45.6333	5.73333	4	26.3289	111.233	4	26.3289	111.233
19790102	BUS	LAB	040	1	9	1	1	3	48.5401	-122.822	3	48.5401	-122.822	3	48.5401	-122.822
19790102	BUS	LAB	042	1	10	1	1.9	3	48.5401	-122.822	3	48.5401	-122.822	3	48.5401	-122.822
19790102	BUS	LAB	043	1	10	1	2.8									
19790102	BUSMED	PAN	043	2	5	1	2.8	4	8.95	-79.5667	4	8.95	-79.5667	4	8.95	-79.5667
19790102	BUS	USA	010	1	2	1	0	4	18.4712	-77.9188	4	8.95	-79.5667	4	8.95	-79.5667
19790102	BUS	USA	013	1	5	1	0.4	4	39.9289	116.388	1	38	-97	1	38	-97
19790102	BUS	USA	050	2	7	1	3.5	3	38.8951	-77.0364	3	38.8951	-77.0364	3	38.8951	-77.0364
19790102	CAN	REF	075	2	9	2	7	1	60	-95	1	60	-95	1	60	-95
19790102	CAN	REF	192	1	5	4	-9.5	1	60	-95	1	22.25	114.167	1	60	-95
19790102	CHE	CHECOP	010	1	4	1	0	1	60	-95	1	22.25	114.167	1	60	-95
19790102	CHN	BUS	110	1	2	3	-2	1	47	8	1	47	8	1	47	8
19790102	CHNBUS	FRA	042	1	3	1	1.9	4	28.6411	111.779	4	28.6411	111.779	4	28.6411	111.779
19790102	CHN	CVL	190	1	2	4	-10	4	26.3289	111.233	4	45.6333	5.73333	4	26.3289	111.233
19790102	CHN	GOV	036	1	3	1	4	1	60	100	1	60	100	1	60	100
19790102	CHN	GOV	043	1	10	1	2.8	4	39.9289	116.388	4	39.9289	116.388	3	38.8951	-77.0364
19790102	CHNGOV	TWN	043	1	1	1	2.8									
19790102	CHN	LEG	042	1	1	1	1.9				1	23.5	121	4	36.75	111.45
19790102	CHN	LEG	043	1	4	1	2.8							4	36.75	111.45
19790102	CHN	PTY	010	1	4	1	0							4	36.75	111.45
19790102	CHN	RUS	154	2	4	4	-7.2	1	60	100	1	60	100	1	60	100
19790102	CHN	SPY	080	1	4	2	5	4	28.2	112.967	1	60	100	1	60	100
19790102	CHN	TWN	174	2	5	4	-5	4	39.9289	116.388	1	38	-97	4	39.9289	116.388
19790102	CHN	UAF	043	1	10	1	2.8	4	39.9289	116.388	1	38	-97	1	38	-97
19790102	CHN	USA	036	1	2	1	4	4	31.2809	121.111	4	42.9333	89.1667	4	42.9333	89.1667
19790102	CHN	USA	051	2	7	1	3.4	3	38.8951	-77.0364	3	38.8951	-77.0364	3	38.8951	-77.0364
19790102	CHN	USA	110	1	5	3	-2	4	39.9289	116.388	3	38.8951	-77.0364	3	38.8951	-77.0364
19790102	CHN	USABUS	040	1	2	1	1	4	39.9289	116.388	1	38	-97	4	39.9289	116.388
19790102	CHN	VNM	010	1	1	1	0	4	39.9289	116.388	3	38.8951	-77.0364	4	39.9289	116.388
19790102	CHN	VNM	112	2	5	3	-2	4	39.9289	116.388	4	21.0333	105.85	4	21.0333	105.85
19790102	CHN	VNM	154	3	7	4	-7.2	4	39.9289	116.388	4	21.0333	105.85	4	21.0333	105.85
19790102	CHN	VNM	192	1	1	4	-9.5	4	39.9289	116.388	4	21.0333	105.85	4	39.9289	116.388
19790102	CHN	VNM	193	1	4	4	-10	1	38	-97	1	35	105	1	35	105
19790102	CHN	ZAF	190	3	6	4	-10	4	28.7411	109.943	4	28.7411	109.943	4	28.6411	111.779
19790102	CMR	CMRGOV	111	1	2	3	-2	4	28.7411	109.943	4	28.7411	109.943	4	28.7411	109.943
19790102	COLCRM	GOV	061	2	4	2	6.4	2	42.1497	-74.9384	4	10.9639	-74.7964	2	42.1497	-74.9384
19790102	COL	USA	036	1	9	1	4	4	10.9639	-74.7964	4	10.9639	-74.7964	4	10.9639	-74.7964
19790102	COL	USA	042	4	18	1	1.9	4	10.9639	-74.7964	2	27.8333	-81.717	4	10.9639	-74.7964
19790102	COP	GOV	036	1	2	1	4	4	-0.216667	-78.5	4	-0.216667	-78.5	4	-0.216667	-78.5
19790102	COP	GOV	173	1	3	4	-5	2	40.3736	-82.7755	2	40.3736	-82.7755	2	40.3736	-82.7755
19790102	COP	GOV	190	1	9	4	-10	4	33.8758	10.8575	4	33.8758	10.8575	4	33.8758	10.8575
19790102	COP	IRN	112	1	3	3	-2	4	33.8758	10.8575	4	33.8758	10.8575	4	33.8758	10.8575
19790102	COP	IRN	180	1	3	4	-9	1	54	-2	1	54	-2	1	54	-2
19790102	COP	MIL	190	1	2	4	-10	4	37.4727	49.4622	4	37.4727	49.4622	4	37.4727	49.4622
19790102	COP	NGA	173	1	4	4	-5	4	21.1167	-101.667	4	21.1167	-101.667	4	21.1167	-101.667
19790102	COP	USA	036	1	1	1	4	1	10	8	1	10	8	1	10	8
19790102	COP	USA	043	1	2	1	2.8	2	40.3736	-82.7755	2	40.3736	-82.7755	2	40.3736	-82.7755
19790102	COP	USA	190	1	7	4	-10	3	38.8951	-77.0364	3	38.8951	-77.0364	3	38.8951	-77.0364
19790102	COP	USACOP	173	1	5	4	-5	3	40.3348	-79.927	3	40.3348	-79.927	3	40.3348	-79.927
19790102	COP	USAGOV	043	1	1	1	2.8	1	10	8	1	10	8	1	10	8
19790102	COP	ZWE	041	1	4	1	1	3	38.8951	-77.0364	3	38.8951	-77.0364	3	38.8951	-77.0364
19790102	COP	ZWE	100	1	4	3	-5	4	-17.8178	31.0447	4	-17.8178	31.0447	4	-17.8178	31.0447
19790102	CRI	NIC	190	1	5	4	-10	4	-17.8178	31.0447	4	-17.8178	31.0447	4	-17.8178	31.0447
19790102	CRM	COL	190	3	9	4	-10	4	10.9639	-74.7964	4	10.9639	-74.7964	4	10.9639	-74.7964
19790102	CRM	EDU	182	1	6	4	-9.5	2	42.1497	-74.9384	4	10.9639	-74.7964	4	10.9639	-74.7964
19790102	CRM	ZWE	182	1	4	4	-9.5	4	-17.8178	31.0447	4	-17.8178	31.0447	4	-17.8178	31.0447
19790102	CUB	CHN	112	1	2	3	-2	4	-17.8178	31.0447	4	-17.8178	31.0447	4	-17.8178	31.0447
19790102	CUB	CZE	046	1	8	1	7				1	35	105	1	35	105
19790102	CUBGOV	CHN	112	1	5	3	-2	1	21.5	-80	4	50.0833	14.4667	4	50.0833	14.4667
19790102	CUBGOVMIL	USA	111	1	5	3	-2				1	35	105	1	35	105
19790102	CUB	USA	043	1	3	1	2.8	1	38	-97	1	38	-97	1	38	-97
19790102	CUB	USA	111	2	4	3	-2	1	38	-97				1	38	-97
19790102	CVLGOV	USA	036	2	3	1	4	2	43.3504	-84.5603	2	43.3504	-84.5603	2	43.3504	-84.5603
19790102	CVL	IRN	010	1	2	1	0	3	42.3753	-85.7078	3	42.3753	-85.7078	3	42.3753	-85.7078
19790102	CVL	IRN	050	1	2	1	3.5	2	35.6411	-79.8431	4	35.75	51.5148	4	35.75	51.5148
19790102	CVL	IRN	110	1	2	3	-2	2	35.6411	-79.8431	4	35.75	51.5148	1	39	35
19790102	CVL	JUD	173	3	9	4	-5	2	42.1497	-74.9384	2	41.5834	-72.7622	2	41.5834	-72.7622
19790102	CVL	REL	051	1	4	1	3.4	2	41.5834	-72.7622	2	41.5834	-72.7622	2	41.5834	-72.7622
19790102	CVL	UZB	042	1	7	1	1.9	4	35.1844	52.4553	4	35.1844	52.4553	4	35.1844	52.4553
19790102	CZE	CUB	017	3	10	1	0	4	50.0833	14.4667	4	50.0833	14.4667	4	50.0833	14.4667
19790102	CZE	CUB	046	2	8	1	7	1	21.5	-80	4	50.0833	14.4667	4	50.0833	14.4667
19790102	DEUCVL	TUN	042	1	3	1	1.9	1	21.5	-80	4	50.0833	14.4667	1	21.5	-80
19790102	DEUCVL	USA	030	1	2	1	4	4	32.8925	13.18	4	32.8925	13.18	4	32.8925	13.18
19790102	DEU	GOV	057	1	4	1	8	1	51	9	3	34.0736	-118.4	1	51	9
19790102	DEU	KHM	033	1	4	1	5.2	4	52.5167	13.4	4	52.5167	13.4	4	52.5167	13.4
19790102	DEU	KHM	060	1	4	2	6	4	52.5167	13.4	4	52.5167	13.4	4	52.5167	13.4
19790102	DEU	KHMELI	051	1	4	1	3.4	4	52.5167	13.4	4	52.5167	13.4	4	52.5167	13.4
19790102	DEU	TUN	042	3	4	1	1.9	4	33.8758	10.8575	4	32.8925	13.18	4	33.8758	10.8575
19790102	DEU	TUN	043	2	2	1	2.8	1	51	9	4	36.8028	10.1797	4	33.8758	10.8575
19790102	DEU	USA	030	2	2	1	4	1	51	9	3	34.0736	-118.4	1	51	9
19790102	ECU	CRM	112	2	9	3	-2	2	42.1497	-74.9384	2	42.1497	-74.9384	2	42.1497	-74.9384
19790102	ECU	CRM	173	2	9	4	-5	2	42.1497	-74.9384	2	42.1497	-74.9384	2	42.1497	-74.9384
19790102	EDU	CVL	020	1	7	1	3	4	-0.216667	-78.5	4	-0.216667	-78.5	4	-0.216667	-78.5
19790102	EDU	GOV	180	1	9	4	-9	4	68.85	134.267	4	68.85	134.267	4	68.85	134.267
19790102	EGY	ARE	043	3	8	1	2.8	4	30.05	31.25	2	44.6074	-69.3977	4	24.4667	54.3667
19790102	EGY	EGYGOV	040	2	9	1	1	1	38	-97	1	38	-97	1	38	-97
19790102	EGY	EGYGOV	043	2	3	1	2.8	4	29.9667	31.25	4	29.9667	31.25	4	29.9667	31.25
19790102	EGY	EGYHLH	043	1	6	1	2.8	1	1	32	4	29.9667	31.25	1	1	32
19790102	EGY	GOV	043	2	13	1	2.8	4	29.9667	31.25	1	1	32	1	1	32
19790102	EGY	GOV	051	2	4	1	3.4	4	29.9667	31.25	4	29.9667	31.25	4	29.9667	31.25
19790102	EGYGOV	EGY	010	1	5	1	0	4	29.9667	31.25	4	31.2237	34.2084	4	31.2237	34.2084
19790102	EGYGOV	EGY	013	2	4	1	0.4	1	27	30	1	27	30	1	27	30
19790102	EGYGOV	EGY	040	2	9	1	1	1	38	-97	1	38	-97	1	38	-97
19790102	EGYGOV	EGY	042	2	3	1	1.9	4	29.9667	31.25	4	29.9667	31.25	4	29.9667	31.25
19790102	EGYGOV	UGA	042	1	2	1	1.9	4	29.9667	31.25	1	1	32	1	1	32
19790102	EGY	HLH	043	1	2	1	2.8	4	29.9667	31.25	1	1	32	4	29.9667	31.25
19790102	EGYHLH	EGY	042	1	6	1	1.9	4	29.9667	31.25	4	29.9667	31.25	4	29.9667	31.25
19790102	ESP	BGR	042	1	7	1	1.9	4	29.9667	31.25	4	29.9667	31.25	4	29.9667	31.25
19790102	ESP	MIL	042	1	2	1	1.9	1	40	-4	1	40	-4	1	40	-4
19790102	ESP	MILGOV	190	1	2	4	-10	1	40	-4	1	40	-4	1	40	-4
19790102	ETH	ERI	012	1	2	1	-0.4	1	40	-4	1	40	-4	1	40	-4
19790102	ETH	ISRGOV	111	2	10	3	-2	4	32.0667	34.7667	1	8	38	1	8	38
19790102	EUR	USA	020	1	7	1	3	4	32.0667	34.7667	4	32.0667	34.7667	1	8	38
19790102	FRA	BUS	043	1	4	1	2.8	3	34.0522	-118.244	3	34.0522	-118.244	3	34.0522	-118.244
19790102	FRA	CHNBUS	043	1	3	1	2.8	4	45.6333	5.73333	4	26.3289	111.233	4	26.3289	111.233
19790102	FRA	IRN	042	2	5	1	1.9	4	35.75	51.5148	4	35.75	51.5148	4	35.75	51.5148
19790102	FRA	USA	030	2	3	1	4	4	48.8155	1.86204	4	37.4727	49.4622	4	37.4727	49.4622
19790102	FRA	USA	037	3	3	1	5	4	48.8155	1.86204	3	38.8951	-77.0364	4	48.8155	1.86204
19790102	GBR	AFR	042	3	6	1	1.9	1	54	-2	4	-22.6523	30.0466	4	-22.6523	30.0466
19790102	GBR	CAN	073	1	4	2	7.4	4	-22.6523	30.0466	4	-22.6523	30.0466	4	-22.6523	30.0466
19790102	GBR	DEUCVL	030	2	3	1	4	3	34.0736	-118.4	1	54	-2	1	51	9
19790102	GBR	GOV	042	1	1	1	1.9	1	54	-2	1	51	9	1	51	9
19790102	GBR	GOV	172	2	4	4	-5	1	54	-2	1	22.25	114.167	1	22.25	114.167
19790102	GBR	IRN	042	2	2	1	1.9	4	31.1703	50.4622	4	31.1703	50.4622	4	31.1703	50.4622
19790102	GBR	IRN	145	2	8	3	-7.5	1	54	-2	1	54	-2	1	54	-2
19790102	GBR	USAEDU	043	1	5	1	2.8	1	54	-2	4	27.3277	60.7504	4	27.3277	60.7504
19790102	GOV	AFR	040	2	8	1	1	1	1	32	4	29.9667	31.25	4	29.9667	31.25
19790102	GOV	AFR	051	1	1	1	3.4	1	1	32	1	1	32	1	1	32
19790102	GOV	CHN	036	1	3	1	4	1	60	100	4	-15.4167	28.2833	4	-15.4167	28.2833
19790102	GOV	CHN	042	1	10	1	1.9	4	39.9289	116.388	4	39.9289	116.388	3	38.8951	-77.0364
19790102	GOV	CHN	051	2	7	1	3.4	4	39.9289	116.388	1	23.5	121	3	38.8951	-77.0364
19790102	GOV	CHN	054	1	9	1	6	4	39.9289	116.388	1	23.5	121	1	23.5	121
19790102	GOV	CHN	080	2	7	2	5	3	38.8951	-77.0364	3	38.8951	-77.0364	3	38.8951	-77.0364
19790102	GOV	CHN	112	1	2	3	-2	4	39.9289	116.388	4	39.9289	116.388	4	39.9289	116.388
19790102	GOV	COP	036	1	2	1	4				1	35	105	1	35	105
19790102	GOV	CUBGOV	051	1	10	1	3.4	2	40.3736	-82.7755	2	40.3736	-82.7755	2	40.3736	-82.7755
19790102	GOV	CVL	010	3	4	1	0	3	38.8951	-77.0364	3	38.8951	-77.0364	3	38.8951	-77.0364
19790102	GOV	DEU	057	1	4	1	8	2	18.2766	-66.335	2	18.2766	-66.335	2	18.2766	-66.335
19790102	GOV	EDU	173	1	9	4	-5	4	52.5167	13.4	4	52.5167	13.4	4	52.5167	13.4
19790102	GOV	EGY	042	2	13	1	1.9	1	1	32	4	29.9667	31.25	1	1	32
19790102	GOV	ESP	017	1	4	1	0	4	29.9667	31.25	4	29.9667	31.25	4	29.9667	31.25
19790102	GOV	GBR	043	1	1	1	2.8	4	40.4	-3.68333	4	40.4	-3.68333	4	40.4	-3.68333
19790102	GOV	GBR	172	2	4	4	-5	1	22.25	114.167	1	54	-2	1	22.25	114.167
19790102	GOV	IRN	013	1	7	1	0.4	1	22.25	114.167	1	54	-2	1	54	-2
19790102	GOV	IRN	060	1	1	2	6	4	35.75	51.5148	4	35.75	51.5148	4	35.75	51.5148
19790102	GOV	IRN	0874	1	2	2	10	4	35.75	51.5148	4	35.75	51.5148	4	35.75	51.5148
19790102	GOV	IRN	111	1	4	3	-2	4	35.75	51.5148	4	35.75	51.5148	4	35.75	51.5148
19790102	GOV	KHM	033	1	6	1	5.2	4	35.75	51.5148	4	35.75	51.5148	4	35.75	51.5148
19790102	GOV	KHM	057	1	6	1	8	4	52.5167	13.4	4	52.5167	13.4	4	52.5167	13.4
19790102	GOV	KHM	060	1	6	2	6	4	52.5167	13.4	4	52.5167	13.4	4	52.5167	13.4
19790102	GOV	LAB	173	1	4	4	-5	4	52.5167	13.4	4	52.5167	13.4	4	52.5167	13.4
19790102	GOV	LEG	010	2	19	1	0	1	46	25	1	46	25	1	46	25
19790102	GOV	LEG	020	1	10	1	3	1	46	25	1	46	25	1	46	25
19790102	GOV	LKA	042	3	17	1	1.9	1	7	81	1	7	81	1	10	49
19790102	GOV	MIL	016	1	10	1	-2	1	7	81	1	7	81	1	10	49
19790102	GOV	MIL	017	1	5	1	0	4	13.5795	44.0209	4	13.5795	44.0209	4	13.5795	44.0209
19790102	GOV	MIL	111	1	9	3	-2	4	40.4	-3.68333	4	40.4	-3.68333	4	40.4	-3.68333
19790102	GOVMIL	IRN	193	2	10	4	-10	1	54	-2	1	54	-2	1	54	-2
19790102	GOV	OPP	060	1	3	2	6	1	54	-2	1	54	-2	4	27.3277	60.7504
19790102	GOV	OPP	174	1	10	4	-5	4	35.75	51.5148	4	35.75	51.5148	4	35.75	51.5148
19790102	GOV	ROU	010	2	8	1	0	1	46	25	1	46	25	1	46	25
19790102	GOV	RUS	036	1	6	1	4	1	46	25	1	46	25	1	46	25
19790102	GOV	TUN	173	1	2	4	-5	4	21.0333	105.85	4	62.4333	115.783	4	21.0333	105.85
19790102	GOV	TZA	017	1	1	1	0	4	33.8758	10.8575	4	33.8758	10.8575	4	33.8758	10.8575
19790102	GOV	UGA	042	1	6	1	1.9	5	-2	31.5	5	-2	31.5	5	-2	31.5
19790102	GOV	UGA	043	1	2	1	2.8	1	1	32	1	1	32	1	1	32
19790102	GOV	USA	026	1	4	1	4	1	1	32	1	1	32	4	29.9667	31.25
19790102	GOV	USA	042	1	9	1	1.9	2	39.0724	-76.7902	2	39.0724	-76.7902	2	39.0724	-76.7902
19790102	GOV	USA	043	2	9	1	2.8	2	39.0724	-76.7902	2	39.0724	-76.7902	2	39.0724	-76.7902
19790102	GOV	USA	114	1	1	3	-2	1	38	-97	1	38	-97	1	38	-97
19790102	GOV	USAGOV	114	3	3	3	-2	3	38.8951	-77.0364	3	29.7633	-95.3633	3	29.7633	-95.3633
19790102	GOV	VNM	036	1	2	1	4	3	38.8951	-77.0364	3	38.8951	-77.0364	3	38.8951	-77.0364
19790102	GOV	YEM	051	1	2	1	3.4	4	21.0333	105.85	4	21.0333	105.85	4	21.0333	105.85
19790102	GUYJUD	USA	173	1	5	4	-5	4	13.5795	44.0209	4	13.5795	44.0209	4	13.5795	44.0209
19790102	GUY	USA	173	1	4	4	-5	4	7.73333	-59.8833	4	7.73333	-59.8833	4	7.73333	-59.8833
19790102	GUY	USA	190	2	7	4	-10	1	38	-97	1	38	-97	1	38	-97
19790102	GUY	USA	193	1	4	4	-10	4	7.73333	-59.8833	1	38	-97	4	7.73333	-59.8833
19790102	HLH	EGY	042	1	2	1	1.9	4	7.73333	-59.8833	1	38	-97	1	38	-97
19790102	IGOSEAASN	LKA	043	2	19	1	2.8	1	7	81	1	7	81	1	7	81
19790102	IGOSEAASN	SOM	043	2	19	1	2.8	1	7	81	1	10	49	1	7	81
19790102	IGOUNO	CHNCVL	060	1	7	2	6	1	7	81	1	10	49	1	7	81
19790102	IGOUNOGOV	KHM	111	2	5	3	-2	1	15	100	2	42.1497	-74.9384	3	38.8951	-77.0364
19790102	IGOWSTNAT	EUR	130	3	10	3	-4.4	1	35	105	1	35	105	1	35	105
19790102	IRN	FRA	010	2	2	1	0	4	35.75	51.5148	4	35.75	51.5148	4	35.75	51.5148
19790102	IRN	FRA	043	2	5	1	2.8	4	35.75	51.5148	4	35.75	51.5148	4	35.75	51.5148
19790102	IRN	GBR	043	2	2	1	2.8	4	31.1703	50.4622	4	31.1703	50.4622	4	31.1703	50.4622
19790102	IRN	GOV	010	3	6	1	0	4	35.75	51.5148	4	29.6036	52.5388	4	29.6036	52.5388
19790102	IRN	GOV	011	1	3	1	-0.1	4	35.75	51.5148	4	35.75	51.5148	4	35.75	51.5148
19790102	IRN	GOV	141	1	9	3	-6.5	4	31.3203	48.6693	4	31.3203	48.6693	4	31.3203	48.6693
19790102	IRNGOV	IRN	0874	1	2	2	10	4	37.4727	49.4622	4	37.4727	49.4622	4	37.4727	49.4622
19790102	IRN	GOVMIL	0831	1	4	2	5	1	27	30	1	38	-97	1	32	-5
19790102	IRN	IRNGOV	182	2	3	4	-9.5	4	37.4727	49.4622	4	37.4727	49.4622	3	34.0522	-118.244
19790102	IRN	IRNLEG	090	1	2	2	-2	4	37.4727	49.4622	4	37.4727	49.4622	4	37.4727	49.4622
19790102	IRN	LEG	050	1	4	1	3.5	4	36.297	59.6062	4	36.297	59.6062	4	36.297	59.6062
19790102	IRNLEG	GOV	020	1	3	1	3	4	37.4727	49.4622	4	37.4727	49.4622	4	37.4727	49.4622
19790102	IRNLEG	IRN	090	1	5	2	-2	4	35.75	51.5148	4	35.75	51.5148	4	35.75	51.5148
19790102	IRN	MOS	010	1	7	1	0	4	36.297	59.6062	4	36.297	59.6062	4	36.297	59.6062
19790102	IRN	MOS	193	1	7	4	-10	4	37.4727	49.4622	4	37.4727	49.4622	4	37.4727	49.4622
19790102	IRN	MOSSHIREL	051	1	2	1	3.4	4	37.4727	49.4622	4	37.4727	49.4622	4	37.4727	49.4622
19790102	IRN	USA	016	1	4	1	-2	4	35.75	51.5148	4	35.75	51.5148	4	35.75	51.5148
19790102	IRN	USA	040	1	6	1	1	4	35.75	51.5148	1	38	-97	1	38	-97
19790102	IRN	USA	046	2	4	1	7	4	35.75	51.5148	3	38.8951	-77.0364	3	38.8951	-77.0364
19790102	IRN	USA	051	2	2	1	3.4	1	33	44	1	30	70	1	30	70
19790102	IRN	USAELI	043	1	10	1	2.8	4	48.8155	1.86204	4	48.8155	1.86204	4	48.8155	1.86204
19790102	IRQGOV	IRQ	042	2	7	1	1.9	4	27.3277	60.7504	1	33	44	1	33	44
19790102	IRQGOV	IRQ	046	2	2	1	7	4	33.3386	44.3939	1	35	38	4	33.3386	44.3939
19790102	IRQGOV	SYR	046	2	2	1	7	4	33.3386	44.3939	1	35	38	4	33.3386	44.3939
19790102	IRQGOV	SYR	057	2	3	1	8	1	35	38	1	35	38	4	33.3386	44.3939
19790102	IRQGOV	SYRGOV	046	1	3	1	7	4	33.3386	44.3939	1	35	38	4	33.3386	44.3939
19790102	IRQ	IRQGOV	043	2	7	1	2.8	1	33	44	4	27.3277	60.7504	1	33	44
19790102	IRQ	IRQGOV	046	2	2	1	7	1	35	38	4	33.3386	44.3939	4	33.3386	44.3939
19790102	IRQ	SYR	057	2	12	1	8	4	33.3386	44.3939	4	33.3386	44.3939	4	33.3386	44.3939
19790102	IRQ	SYRGOV	046	1	3	1	7	4	33.3386	44.3939	1	35	38	4	33.3386	44.3939
19790102	JPN	CHN	050	3	8	1	3.5	4	28.6411	111.779	4	28.6411	111.779	4	28.6411	111.779
19790102	JUD	LEG	050	1	5	1	3.5	1	36	138	4	37.7575	119.076	1	36	138
19790102	JUD	UAF	030	1	5	1	4	4	37.4727	49.4622	4	37.4727	49.4622	4	37.4727	49.4622
19790102	JUD	USA	040	1	5	1	1									
19790102	JUD	USA	1014	1	4	3	-5	2	18.2766	-66.335	2	18.2766	-66.335	2	18.2766	-66.335
19790102	JUD	USA	1044	1	1	3	-5	1	38	-97	1	38	-97	1	38	-97
19790102	JUD	USA	193	1	4	4	-10	2	18.2766	-66.335	2	18.2766	-66.335	2	18.2766	-66.335
19790102	JUD	USAPRI	040	1	1	1	1	1	38	-97	1	38	-97	1	38	-97
19790102	JUD	USAPRI	1044	1	3	3	-5	2	18.2766	-66.335	2	18.2766	-66.335	2	18.2766	-66.335
19790102	KHM	GOV	057	1	6	1	8	2	18.2766	-66.335	2	18.2766	-66.335	2	18.2766	-66.335
19790102	KHMGOV	VNM	1123	1	2	3	-2	4	52.5167	13.4	4	52.5167	13.4	4	52.5167	13.4
19790102	KHMREB	KHM	192	1	2	4	-9.5				4	10.25	105.917	4	55.7522	37.6156
19790102	KHM	VNM	173	1	2	4	-5	4	12.4881	106.019	4	12.4881	106.019	4	12.4881	106.019
19790102	KHM	VNM	190	1	9	4	-10	4	11.55	104.917	4	11.55	104.917	4	11.55	104.917
19790102	KHM	VNM	193	1	7	4	-10	4	12.4881	106.019	4	10.25	105.917	4	10.25	105.917
19790102	LAB	BUS	040	1	9	1	1	4	10.25	105.917	4	10.25	105.917	4	10.25	105.917
19790102	LAB	BUS	042	1	10	1	1.9	3	48.5401	-122.822	3	48.5401	-122.822	3	48.5401	-122.822
19790102	LAB	BUS	043	1	10	1	2.8									
19790102	LAB	CHNGOV	050	2	3	1	3.5	1	23.5	121	1	38	-97	1	23.5	121
19790102	LAB	GOV	050	1	1	1	3.5	1	38	-97	4	39.9289	116.388	1	38	-97
19790102	LAB	USA	164	2	2	4	-7	1	50.8333	4	1	50.8333	4	1	50.8333	4
19790102	LAB	USAGOV	015	3	4	1	0	1	38	-97	1	38	-97	1	38	-97
19790102	LAB	USAGOV	030	2	4	1	4	1	23.5	121	1	38	-97	1	23.5	121
19790102	LEG	CHN	042	1	4	1	1.9	1	38	-97	1	38	-97	1	38	-97
19790102	LEG	CHN	043	1	1	1	2.8							4	36.75	111.45
19790102	LEG	IRN	120	2	10	3	-4	4	35.75	51.5148	4	35.75	51.5148	4	35.75	51.5148
19790102	LEG	ISR	130	2	10	3	-4.4	4	35.75	51.5148	3	38.8951	-77.0364	3	38.8951	-77.0364
19790102	LEG	USA	010	1	4	1	0	3	38.8951	-77.0364	1	31.5	34.75	3	38.8951	-77.0364
19790102	LEG	USA	043	1	4	1	2.8	2	32.799	-86.8073	2	32.799	-86.8073	2	32.799	-86.8073
19790102	LEG	USA	130	2	10	3	-4.4	3	38.8951	-77.0364	3	38.8951	-77.0364	3	38.8951	-77.0364
19790102	LKA	GOV	043	2	17	1	2.8	1	7	81	1	7	81	1	10	49
19790102	LKAGOV	SOM	051	2	2	1	3.4	1	7	81	1	10	49	1	10	49
19790102	LKA	IGOSEAASN	042	2	19	1	1.9	1	7	81	1	7	81	1	7	81
19790102	LKA	SOM	043	3	20	1	2.8	1	7	81	1	10	49	1	10	49
19790102	LKA	SOMGOV	043	3	19	1	2.8	1	7	81	1	10	49	1	10	49
19790102	MED	BHR	036	1	10	1	4	1	7	81	1	10	49	1	10	49
19790102	MED	CUB	051	4	9	1	3.4	1	38	-97	4	23.1319	-82.3642	1	38	-97
19790102	MED	CUB	0841	3	5	2	7	1	38	-97				4	20.4639	-76.6583
19790102	MED	FRA	046	1	5	1	7	4	23.1319	-82.3642	4	23.1319	-82.3642	4	23.1319	-82.3642
19790102	MED	GOV	111	1	10	3	-2	1	38	-97	4	45.6333	5.73333	1	38	-97
19790102	MED	IRN	010	1	9	1	0	1	-20	30	1	-18.25	35	1	-18.25	35
19790102	MED	IRN	046	2	4	1	7	1	38	-97	4	35.75	51.5148	4	35.75	51.5148
19790102	MED	OPP	0841	3	4	2	7	1	38	-97	1	38	-97	4	20.4639	-76.6583
19790102	MED	USA	015	1	3	1	0	4	23.1319	-82.3642	4	23.1319	-82.3642	4	23.1319	-82.3642
19790102	MEX	MIL	190	1	7	4	-10	1	38	-97	1	38	-97	1	38	-97
19790102	MIL	ARE	043	2	10	1	2.8	4	30.05	31.25	2	44.6074	-69.3977	4	30.05	31.25
19790102	MIL	COP	193	3	9	4	-10	1	38	-97	1	38	-97	4	12.1508	-86.2683
19790102	MIL	ESP	043	1	2	1	2.8	4	21.1167	-101.667	4	21.1167	-101.667	4	21.1167	-101.667
19790102	MIL	ESP	190	1	2	4	-10	1	40	-4	1	40	-4	1	40	-4
19790102	MIL	MILGOV	190	1	2	4	-10	1	40	-4	1	40	-4	1	40	-4
19790102	MIL	REB	190	2	4	4	-10	1	38	-97	1	38	-97	1	38	-97
19790102	MIL	SYR	036	2	2	1	4	4	33.5	36.3	4	33.5	36.3	4	33.5	36.3
19790102	MIL	VEN	090	2	2	2	-2	4	59.8944	30.2642	1	18.2359	-66.4838	1	18.2359	-66.4838
19790102	MIL	ZAF	190	1	4	4	-10	4	59.8944	30.2642	4	9.10216	-62.5253	1	18.2359	-66.4838
19790102	MOS	IRN	051	2	19	1	3.4	4	30.4298	49.0763	4	30.4298	49.0763	4	30.4298	49.0763
19790102	MOS	MOS	040	2	18	1	1	4	35.1844	52.4553	4	35.1844	52.4553	4	35.1844	52.4553
19790102	MOSREL	MOS	051	1	9	1	3.4	4	37.4727	49.4622	4	37.4727	49.4622	4	37.4727	49.4622
19790102	MOSSHIREL	IRN	051	1	2	1	3.4	4	35.1844	52.4553	4	35.1844	52.4553	4	35.1844	52.4553
19790102	NIC	CRI	190	1	5	4	-10	4	35.75	51.5148	4	35.75	51.5148	4	35.75	51.5148
19790102	NIC	DOM	120	2	4	3	-4				1	19	-70.6667	4	12.1508	-86.2683
19790102	NIC	GTM	120	2	4	3	-4				1	15.5	-90.25	4	12.1508	-86.2683
19790102	NIC	USA	120	2	4	3	-4							4	12.1508	-86.2683
19790102	OPP	BUS	180	2	6	4	-9	4	35.75	51.5148	4	35.75	51.5148	4	35.75	51.5148
19790102	OPP	IRN	020	1	4	1	3	4	33.6339	50.06	4	33.6339	50.06	4	33.6339	50.06
19790102	OPP	IRN	174	1	4	4	-5	4	35.75	51.5148	4	35.75	51.5148	4	35.75	51.5148
19790102	OPP	IRN	190	3	10	4	-10	4	37.5553	45.0724	1	38	-97	4	37.5553	45.0724
19790102	OPP	IRNBUS	180	1	3	4	-9	1	38	-97	1	38	-97	4	37.5553	45.0724
19790102	OPP	MIL	140	2	10	3	-6.5	1	32	53	3	38.8951	-77.0364	3	38.8951	-77.0364
19790102	OPP	USA	111	1	2	3	-2	3	38.8951	-77.0364	3	38.8951	-77.0364	3	38.8951	-77.0364
19790102	PAN	BUSMED	042	2	5	1	1.9	4	4.54023	-75.077	4	10.3997	-75.5144	4	10.3997	-75.5144
19790102	PER	BOL	172	3	9	4	-5	4	-11.7377	-75.9616	4	-11.7377	-75.9616	4	-11.7377	-75.9616
19790102	PER	ESP	190	2	9	4	-10	4	-11.7377	-75.9616	4	-11.7377	-75.9616	4	43.55	-6.7
19790102	PHLGOV	PHL	033	1	2	1	5.2	4	-11.7377	-75.9616	4	43.55	-6.7	4	43.55	-6.7
19790102	PHLGOV	PHL	073	1	2	2	7.4	4	16.45	120.55	4	16.45	120.55	4	16.45	120.55
19790102	PHLGOV	REF	120	2	5	3	-4	4	45.6333	5.73333	4	16.45	120.55	4	16.45	120.55
19790102	PHL	REF	120	2	2	3	-4	4	16.45	120.55	4	16.45	120.55	4	16.45	120.55
19790102	POL	GOV	020	1	10	1	3	4	45.6333	5.73333	4	16.45	120.55	4	16.45	120.55
19790102	REB	GOV	1832	1	9	4	-10	4	52.25	21	4	52.25	21	4	52.25	21
19790102	REB	MIL	190	2	4	4	-10	1	38	-97	1	38	-97	1	38	-97
19790102	REB	OPP	0841	1	3	2	7	1	38	-97	1	38	-97	1	38	-97
19790102	REB	OPP	130	1	3	3	-4.4	4	35.75	51.5148	4	35.75	51.5148	4	35.75	51.5148
19790102	REF	THA	080	2	6	2	5	1	13	105	1	13	105	1	13	105
19790102	ROU	CUB	017	1	10	1	0	1	15	100	1	15	100	1	15	100
19790102	RUS	AFR	051	2	6	1	3.4	4	-15.4167	28.2833	4	-15.4167	28.2833	1	60	100
19790102	RUS	CHN	190	2	2	4	-10	1	60	100	1	60	100	1	60	100
19790102	RUS	CVL	190	2	8	4	-10	4	28.3794	121.406	1	60	100	1	60	100
19790102	RUS	GBR	0872	2	2	2	9				4	51.5	-0.116667	4	55.7522	37.6156
19790102	RUS	GOV	036	1	6	1	4	4	51.5	-0.116667	4	51.5	-0.116667	4	51.5	-0.116667
19790102	RUS	TWN	010	2	4	1	0	1	38	-97	4	39.9289	116.388	1	38	-97
19790102	RUS	TWN	130	1	3	3	-4.4	4	39.9289	116.388	4	39.9289	116.388	4	39.9289	116.388
19790102	RUS	UKR	036	1	8	1	4	4	39.9289	116.388	4	26.1589	119.922	4	26.1589	119.922
19790102	RUS	VNM	036	2	6	1	4	4	62.4333	115.783	4	21.0333	105.85	4	21.0333	105.85
19790102	RUS	ZMB	033	2	2	1	5.2	1	60	100	1	60	100	4	-15.4167	28.2833
19790102	RUS	ZMB	051	2	2	1	3.4	1	60	100	1	60	100	1	60	100
19790102	RUS	ZMB	060	2	2	2	6	1	60	100	1	60	100	1	60	100
19790102	SDN	SDNGOVAGR	010	1	2	1	0	1	60	100	4	-15.4167	28.2833	4	-15.4167	28.2833
19790102	SOMGOV	LKA	042	5	19	1	1.9	1	7	81	1	7	81	1	7	81
19790102	SOM	IGOSEAASN	042	2	19	1	1.9	1	10	49	1	7	81	1	7	81
19790102	SOM	LKA	042	5	21	1	1.9	1	10	49	1	7	81	1	7	81
19790102	SWE	SWEEDU	090	1	10	2	-2	1	10	49	1	7	81	1	7	81
19790102	SYRGOV	IRQ	046	1	3	1	7	4	59.1	12.2833	4	59.1	12.2833	4	59.1	12.2833
19790102	SYRGOV	IRQGOV	046	1	3	1	7	1	35	38	4	33.3386	44.3939	4	33.3386	44.3939
19790102	SYR	IRQ	057	3	12	1	8	4	33.3386	44.3939	4	33.3386	44.3939	1	35	38
19790102	SYR	IRQGOV	046	2	2	1	7	1	35	38	4	33.3386	44.3939	4	33.3386	44.3939
19790102	SYR	IRQGOV	057	2	3	1	8	1	35	38	1	35	38	4	33.3386	44.3939
19790102	THA	VNM	051	1	2	1	3.4	1	35	38	4	33.3386	44.3939	4	33.3386	44.3939
19790102	TUN	DEU	042	2	2	1	1.9	4	36.8028	10.1797	1	51	9	4	33.8758	10.8575
19790102	TUN	DEU	043	1	4	1	2.8	4	36.8028	10.1797	4	36.8028	10.1797	1	51	9
19790102	TUN	DEUCVL	043	1	3	1	2.8	4	33.8758	10.8575	1	51	9	1	51	9
19790102	TUN	FRA	172	2	9	4	-5	4	33.8758	10.8575	4	32.8925	13.18	4	33.8758	10.8575
19790102	TUN	LBY	172	1	9	4	-5	4	33.8758	10.8575	1	46	2	4	33.8758	10.8575
19790102	TUNMED	TUN	042	1	3	1	1.9	4	33.8758	10.8575	4	32.8925	13.18	4	33.8758	10.8575
19790102	TUN	TUNMED	043	1	3	1	2.8	4	36.8028	10.1797	4	33.8758	10.8575	1	51	9
19790102	TWN	CHNGOV	042	1	1	1	1.9	4	33.8758	10.8575	4	36.8028	10.1797	1	51	9
19790102	TWN	USA	042	2	10	1	1.9	1	23.5	121	1	23.5	121	1	23.5	121
19790102	TWN	VNM	040	1	2	1	1	1	23.5	121	1	38	-97	1	23.5	121
19790102	TZA	AFR	043	1	4	1	2.8	4	26.1589	119.922	4	39.9289	116.388	4	26.1589	119.922
19790102	TZA	GOV	017	2	6	1	0	4	-1.33167	31.8122	4	-1.33167	31.8122	4	-1.33167	31.8122
19790102	UAF	CHN	042	1	10	1	1.9	5	-2	31.5	5	-2	31.5	5	-2	31.5
19790102	UAF	COP	190	2	10	4	-10	4	-20.0934	30.3056	4	-16.5167	28.8	4	-20.0934	30.3056
19790102	UAF	CVL	190	1	10	4	-10	4	-20.0934	30.3056	4	-20.0934	30.3056	4	-20.0934	30.3056
19790102	UAF	EDU	181	1	5	4	-9	4	-17.7567	31.1036	4	-17.7567	31.1036	4	-17.7567	31.1036
19790102	UAF	ESP	186	1	9	4	-10	4	-17.8178	31.0447	4	-17.8178	31.0447	4	-17.8178	31.0447
19790102	UAF	MIL	193	1	9	4	-10	1	40	-4	1	40	-4	1	40	-4
19790102	UAF	ZWE	181	1	4	4	-9	1	40	-4	1	40	-4	1	40	-4
19790102	UAF	ZWE	190	2	8	4	-10	1	47	8	1	47	8	1	47	8
19790102	UAF	ZWEEDU	181	1	5	4	-9	4	-25.9622	32.4589	4	-25.9622	32.4589	4	-25.9622	32.4589
19790102	UGA	EGYGOV	043	1	2	1	2.8	4	-17.8178	31.0447	4	-17.8178	31.0447	4	-17.8178	31.0447
19790102	UGA	GOV	042	1	2	1	1.9	1	1	32	4	29.9667	31.25	4	29.9667	31.25
19790102	UGA	GOV	043	1	6	1	2.8	1	1	32	1	1	32	4	29.9667	31.25
19790102	UGAGOV	AFR	040	1	2	1	1	1	1	32	1	1	32	1	1	32
19790102	UKR	RUS	036	3	8	1	4	4	59.8944	30.2642				4	50.4333	30.5167
19790102	USA	AGR	120	1	9	3	-4	4	50.4333	30.5167				4	50.4333	30.5167
19790102	USA	BUS	050	2	7	1	3.5	3	38.8951	-77.0364	3	38.8951	-77.0364	3	38.8951	-77.0364
19790102	USABUS	CHN	040	1	2	1	1	4	39.9289	116.388	4	39.9289	116.388	4	39.9289	116.388
19790102	USA	CHN	036	1	2	1	4	3	38.8951	-77.0364	4	39.9289	116.388	4	39.9289	116.388
19790102	USA	CHN	050	3	4	1	3.5	4	31.2222	121.458	1	38	-97	4	31.2222	121.458
19790102	USA	CHN	054	3	9	1	6	1	23.5	121	4	39.9289	116.388	1	23.5	121
19790102	USA	CHN	100	1	4	3	-5	3	38.8951	-77.0364	4	39.9289	116.388	3	38.8951	-77.0364
19790102	USA	CHRPRO	010	2	4	1	0	1	-29	24	1	-29	24	1	-29	24
19790102	USA	COL	043	3	18	1	2.8	2	27.8333	-81.717	4	10.9639	-74.7964	4	10.9639	-74.7964
19790102	USA	COP	036	1	1	1	4	2	27.8333	-81.717	4	6.29139	-75.5361	2	27.8333	-81.717
19790102	USA	COP	042	1	2	1	1.9	2	40.3736	-82.7755	2	40.3736	-82.7755	2	40.3736	-82.7755
19790102	USA	COP	173	1	4	4	-5	3	38.8951	-77.0364	3	38.8951	-77.0364	3	38.8951	-77.0364
19790102	USA	COP	190	1	7	4	-10	2	39.0724	-76.7902	2	39.0724	-76.7902	2	39.0724	-76.7902
19790102	USA	CUB	042	1	3	1	1.9	2	37.669	-84.6514	2	37.669	-84.6514	2	37.669	-84.6514
19790102	USA	CVL	190	1	5	4	-10	1	38	-97	4	23.1319	-82.3642	1	38	-97
19790102	USA	CVL	193	1	5	4	-10	2	41.5834	-72.7622	2	41.5834	-72.7622	2	41.5834	-72.7622
19790102	USA	DEUCVL	030	3	5	1	4	3	38.8951	-77.0364	1	60	-95	1	60	-95
19790102	USAEDU	GBR	042	1	5	1	1.9	3	34.0736	-118.4	1	51	9	1	51	9
19790102	USAEDU	USA	042	1	4	1	1.9	2	32.799	-86.8073	2	32.799	-86.8073	2	32.799	-86.8073
19790102	USAELI	IRN	042	1	10	1	1.9	2	32.799	-86.8073	2	32.799	-86.8073	2	32.799	-86.8073
19790102	USAELI	USA	010	2	4	1	0	3	38.8951	-77.0364	1	31	36	3	38.8951	-77.0364
19790102	USA	EUR	020	2	7	1	3	3	34.0522	-118.244	3	34.0522	-118.244	3	34.0522	-118.244
19790102	USA	FRA	051	2	9	1	3.4	4	35.75	51.5148	4	35.75	51.5148	4	35.75	51.5148
19790102	USA	GOV	042	2	9	1	1.9	2	39.0724	-76.7902	2	39.0724	-76.7902	2	39.0724	-76.7902
19790102	USA	GOV	043	1	9	1	2.8	1	38	-97	1	38	-97	1	38	-97
19790102	USA	GOV	112	1	9	3	-2	1	38	-97	1	38	-97	1	38	-97
19790102	USAGOV	CHN	050	1	3	1	3.5	2	39.0646	-105.327	2	39.0646	-105.327	2	39.0646	-105.327
19790102	USAGOV	COP	042	1	1	1	1.9	1	38	-97	1	38	-97	1	38	-97
19790102	USAGOV	GOV	0841	1	2	2	7	3	38.8951	-77.0364	3	38.8951	-77.0364	3	38.8951	-77.0364
19790102	USAGOV	GOV	100	1	2	3	-5	3	38.8951	-77.0364	3	38.8951	-77.0364	3	38.8951	-77.0364
19790102	USAGOV	IRNGOV	182	2	4	4	-9.5	4	37.4727	49.4622	4	37.4727	49.4622	4	37.4727	49.4622
19790102	USAGOV	USA	020	2	2	1	3	3	38.8951	-77.0364	3	38.8951	-77.0364	4	35.75	51.5148
19790102	USAGOV	USA	042	3	14	1	1.9	4	-22.6523	30.0466	4	-22.6523	30.0466	4	-22.6523	30.0466
19790102	USAGOV	USA	043	1	2	1	2.8	4	-22.6523	30.0466	4	-22.6523	30.0466	4	-17.8178	31.0447
19790102	USAGOV	USA	0841	1	2	2	7	1	38	-97	1	38	-97	1	38	-97
19790102	USAGOV	USA	100	1	2	3	-5	3	38.8951	-77.0364	3	38.8951	-77.0364	3	38.8951	-77.0364
19790102	USAGOV	USAGOV	020	1	5	1	3	3	38.8951	-77.0364	3	38.8951	-77.0364	3	38.8951	-77.0364
19790102	USA	IRN	010	6	17	1	0	3	34.0522	-118.244	4	32.6597	51.6714	4	32.6597	51.6714
19790102	USA	IRN	014	2	10	1	0	3	38.8951	-77.0364	1	32	53	1	32	53
19790102	USA	IRN	040	1	6	1	1	1	32	53	1	32	53	1	32	53
19790102	USA	IRN	050	2	2	1	3.5	2	35.6411	-79.8431	2	35.6411	-79.8431	2	35.6411	-79.8431
19790102	USA	IRN	110	2	2	3	-2	2	35.6411	-79.8431	2	35.6411	-79.8431	2	35.6411	-79.8431
19790102	USA	IRN	1246	2	9	3	-4	3	38.8951	-77.0364	3	38.8951	-77.0364	3	38.8951	-77.0364
19790102	USA	IRNOPP	190	1	4	4	-10	3	38.8951	-77.0364	4	35.75	51.5148	3	38.8951	-77.0364
19790102	USA	ITA	114	2	9	3	-2	4	10.9639	-74.7964	2	42.1497	-74.9384	4	10.9639	-74.7964
19790102	USA	JUD	020	1	2	1	3	2	42.1497	-74.9384	1	42.8333	12.8333	2	42.1497	-74.9384
19790102	USA	JUD	040	1	5	1	1	1	38	-97	1	38	-97	1	38	-97
19790102	USA	JUD	115	1	2	3	-2	2	18.2766	-66.335	2	18.2766	-66.335	2	18.2766	-66.335
19790102	USA	JUD	120	3	9	3	-4	3	38.8951	-77.0364	3	38.8951	-77.0364	2	32.799	-86.8073
19790102	USA	JUD	173	2	4	4	-5	2	43.3504	-84.5603	2	43.3504	-84.5603	2	43.3504	-84.5603
19790102	USAJUD	USA	1014	1	2	3	-5	3	42.3753	-85.7078	3	42.3753	-85.7078	3	42.3753	-85.7078
19790102	USAJUD	USA	193	1	2	4	-10	1	38	-97	1	38	-97	1	38	-97
19790102	USA	LEG	042	2	4	1	1.9	2	40.3736	-82.7755	3	38.8951	-77.0364	3	38.8951	-77.0364
19790102	USA	MED	010	1	2	1	0	3	38.8951	-77.0364	2	40.3736	-82.7755	2	40.3736	-82.7755
19790102	USAMED	IRNOPP	190	1	3	4	-10	1	46	2	1	46	2	1	46	2
19790102	USAMIL	USAMIL	042	1	9	1	1.9	3	38.8951	-77.0364	4	35.75	51.5148	4	35.75	51.5148
19790102	USAMIL	USAMIL	043	1	9	1	2.8	4	35.75	51.5148	4	35.75	51.5148	4	35.75	51.5148
19790102	USAPRI	JUD	040	1	1	1	1	3	38.8951	-77.0364	3	38.8951	-77.0364	3	38.8951	-77.0364
19790102	USA	REF	120	3	9	3	-4	1	51	9	1	38	-97	1	38	-97
19790102	USA	TWN	036	2	2	1	4	1	60	100	4	39.9289	116.388	1	60	100
19790102	USA	TWN	043	2	10	1	2.8	1	23.5	121	1	23.5	121	1	23.5	121
19790102	USA	TWN	110	1	2	3	-2	1	38	-97	1	23.5	121	1	23.5	121
19790102	USA	TWN	174	1	2	4	-5	1	38	-97	1	23.5	121	4	39.9289	116.388
19790102	USA	USAEDU	043	1	4	1	2.8	4	39.9289	116.388	1	38	-97	4	39.9289	116.388
19790102	USA	USAGOV	010	1	4	1	0	2	32.799	-86.8073	2	32.799	-86.8073	2	32.799	-86.8073
19790102	USA	USAGOV	013	1	3	1	0.4	3	32.7831	-96.8067	3	32.7831	-96.8067	3	32.7831	-96.8067
19790102	USA	USAGOV	030	1	4	1	4	3	38.8951	-77.0364	3	38.8951	-77.0364	3	38.8951	-77.0364
19790102	USA	USAGOV	042	1	2	1	1.9	3	38.8951	-77.0364	3	38.8951	-77.0364	3	38.8951	-77.0364
19790102	USA	USAGOV	043	3	14	1	2.8	4	-22.6523	30.0466	4	-22.6523	30.0466	4	-22.6523	30.0466
19790102	USA	VNM	043	1	9	1	2.8	4	-22.6523	30.0466	4	-22.6523	30.0466	4	-17.8178	31.0447
19790102	UZB	CVL	043	1	7	1	2.8	1	38	-97	4	11	107	4	3	101.4
19790102	VEN	USAPRI	090	3	3	2	-2	4	9.10216	-62.5253	1	18.2359	-66.4838	1	18.2359	-66.4838
19790102	VNM	CHN	012	1	2	1	-0.4	4	9.10216	-62.5253	4	9.10216	-62.5253	1	18.2359	-66.4838
19790102	VNM	GOV	036	1	2	1	4	4	21.0333	105.85	4	39.9289	116.388	4	39.9289	116.388
19790102	VNM	KHM	190	4	9	4	-10	4	10.25	105.917	4	12.4881	106.019	4	12.4881	106.019
19790102	VNM	RUS	122	1	9	3	-4	4	11.55	104.917	4	11.55	104.917	4	11.55	104.917
19790102	VNM	TWN	040	1	2	1	1	4	11.3	106.1				4	55.7522	37.6156
19790102	VNM	UAF	195	4	10	4	-10	4	10.25	105.917	4	10.25	105.917	4	10.25	105.917
19790102	VNM	USA	042	4	9	1	1.9	1	51	9	1	15	100	1	13	105
19790102	VNM	USAGOV	130	1	2	3	-4.4	1	13	105	4	3	101.4	4	11	107
19790102	ZAF	CHN	190	3	6	4	-10	4	28.7411	109.943	4	28.7411	109.943	4	28.6411	111.779
19790102	ZAF	MIL	190	1	4	4	-10	4	28.7411	109.943	4	28.7411	109.943	4	28.7411	109.943
19790102	ZWE	COP	041	1	4	1	1	4	28.7411	109.943	4	28.7411	109.943	4	28.7411	109.943
19790102	ZWE	HLH	010	1	4	1	0	4	-17.8178	31.0447	4	-17.8178	31.0447	4	-17.8178	31.0447
19790102	ZWE	REL	112	2	5	3	-2	4	-16.8287	29.3744	4	-17.7567	31.1036	4	-16.8287	29.3744
19790102	ZWE	UAF	190	2	4	4	-10	1	47	8	1	47	8	1	47	8
19790103	AFG	GOV	046	1	4	1	7	4	-18.3333	29.9153	4	-20.3267	30.0665	4	-18.3333	29.9153
19790103	AFG	IRN	192	2	4	4	-9.5	1	33	65	1	32	53	1	32	53
19790103	AFR	ETH	080	2	8	2	5	4	11.595	43.1481	4	9	39	4	9	39
19790103	AFR	EUR	030	1	4	1	4	4	9	39	4	9	39	4	9	39
19790103	AFRGOV	AFR	015	1	4	1	0	4	-27.8383	22.857	4	-27.8383	22.857	4	-27.8383	22.857
19790103	AFR	MIL	043	1	6	1	2.8	1	-12.5	18.5	1	-12.5	18.5	1	-12.5	18.5
19790103	AFR	NAMELI	012	2	2	1	-0.4	1	-29	24	1	-12.5	18.5	1	-29	24
19790103	AFR	ZAF	042	1	2	1	1.9	1	-29	24	1	-29	24	1	-29	24
19790103	ALBGOV	MMRGOV	010	1	10	1	0	1	-29	24	1	-29	24	1	-29	24
19790103	ALBGOV	MMRGOV	051	2	10	1	3.4	1	22	98	1	22	98	1	41	20
19790103	ALB	MMR	051	2	7	1	3.4	1	22	98	1	41	20	1	22	98
19790103	ARM	GIN	042	1	2	1	1.9	1	22	98	1	41	20	1	41	20
19790103	ARM	GOV	043	1	1	1	2.8	4	9.50917	-13.7122	4	9.50917	-13.7122	4	9.50917	-13.7122
19790103	BELGOV	VNM	161	2	3	4	-4	1	50.8333	4	4	21.0333	105.85	1	50.8333	4
19790103	BEL	VNM	161	1	2	4	-4	1	50.8333	4	4	21.0333	105.85	4	21.0333	105.85
19790103	BEN	NGA	043	1	4	1	2.8	1	50.8333	4	4	21.0333	105.85	4	21.0333	105.85
19790103	BEN	NGAGOV	043	2	6	1	2.8	1	9.5	2.25	4	6.45306	3.39583	4	6.45306	3.39583
19790103	BGR	HUN	057	2	10	1	8	1	47	20	1	47	20	1	47	20
19790103	BLZ	GTM	130	2	7	3	-4.4	2	42.2373	-71.5314	1	17.25	-88.75	1	17.25	-88.75
19790103	BUDMAH223	COL	010	2	7	1	0	4	4.54779	-74.1486	4	4.6	-74.0833	4	4.54779	-74.1486
19790103	BUS	USA	051	1	1	1	3.4	4	4.54779	-74.1486	4	4.54779	-74.1486	4	4.54779	-74.1486
19790103	CAN	TUR	042	6	7	1	1.9	4	39.9272	32.8644	4	39.9272	32.8644	3	38.8951	-77.0364
19790103	CHE	REB	181	1	2	4	-9	4	35.75	51.5148	3	38.8951	-77.0364	3	38.8951	-77.0364
19790103	CHL	LAB	013	1	4	1	0.4	1	47	8	1	51	9	1	51	9
19790103	CHN	BUS	080	1	4	2	5	1	-30	-71	1	-30	-71	1	-30	-71
19790103	CHN	CHNELI	042	2	2	1	1.9	4	30.8161	121.119	4	30.8161	121.119	4	30.8161	121.119
19790103	CHN	CHNGOV	020	2	4	1	3	4	35.6667	139.75	4	35.6667	139.75	4	35.6667	139.75
19790103	CHN	CHNGOV	110	1	6	3	-2	4	39.9289	116.388	4	39.9289	116.388	4	39.9289	116.388
19790103	CHN	COD	042	2	8	1	1.9	4	39.9289	116.388	1	-6	35	4	39.9289	116.388
19790103	CHNCOP	CHN	090	2	7	2	-2	4	49.6	117.433	4	49.6	117.433	4	49.6	117.433
19790103	CHN	CPV	042	1	2	1	1.9	4	49.6	117.433	4	49.6	117.433	1	38	-97
19790103	CHNELI	CHN	043	1	2	1	2.8	4	18.1194	-16.0406	4	18.1194	-16.0406	4	18.1194	-16.0406
19790103	CHNGOV	AUTELI	051	1	1	1	3.4	4	30.8161	121.119	4	30.8161	121.119	4	30.8161	121.119
19790103	CHNGOV	CHN	110	1	4	3	-2	1	35	105	4	62.2333	145.5	4	11.55	104.917
19790103	CHNGOV	KHM	051	2	4	1	3.4	4	11.55	104.917	4	11.55	104.917	4	11.55	104.917
19790103	CHNGOV	RUS	051	2	3	1	3.4	4	11.55	104.917	1	35	105	4	11.55	104.917
19790103	CHN	IGOUNO	026	1	10	1	4	1	35	105	4	62.2333	145.5	4	11.55	104.917
19790103	CHN	IGOUNO	120	1	2	3	-4	4	39.9289	116.388	4	60.5333	131.367	4	60.5333	131.367
19790103	CHN	JPN	061	2	6	2	6.4	4	31.5772	120.294	1	36	138	1	36	138
19790103	CHN	MOZ	042	3	8	1	1.9	4	39.9289	116.388	4	39.9289	116.388	4	39.9289	116.388
19790103	CHN	PRT	043	2	10	1	2.8	1	35	105	1	39.5	-8	1	35	105
19790103	CHN	RUS	120	2	6	3	-4	4	39.9289	116.388	4	60.5333	131.367	4	39.9289	116.388
19790103	CHN	TZA	042	3	8	1	1.9	4	39.9289	116.388	4	39.9289	116.388	4	39.9289	116.388
19790103	CHN	USA	023	1	10	1	3.4	4	39.9289	116.388	1	-18.25	35	4	39.9289	116.388
19790103	CHN	USA	036	1	5	1	4	4	39.9289	116.388	1	38	-97	4	60.5333	131.367
19790103	CHN	USA	042	4	19	1	1.9	3	38.8951	-77.0364	3	38.8951	-77.0364	3	38.8951	-77.0364
19790103	CHN	USA	043	1	10	1	2.8	4	49.6	117.433	1	38	-97	4	49.6	117.433
19790103	CHN	USA	046	3	7	1	7	3	38.8951	-77.0364	3	38.8951	-77.0364	3	38.8951	-77.0364
19790103	CHN	USA	090	1	2	2	-2	1	35	105	3	38.8951	-77.0364	1	35	105
19790103	CHN	USA	173	1	10	4	-5	4	49.6	117.433	1	38	-97	1	38	-97
19790103	CHN	USAGOV	042	3	7	1	1.9	1	35	105	3	38.8951	-77.0364	1	35	105
19790103	CHN	USAGOV	043	1	5	1	2.8	1	35	105	3	38.8951	-77.0364	3	38.8951	-77.0364
19790103	CHN	VNM	012	2	10	1	-0.4	3	38.8951	-77.0364	4	21.0333	105.85	4	21.0333	105.85
19790103	CHN	VNM	112	2	6	3	-2	4	39.9289	116.388	4	11.3	106.1	4	39.9289	116.388
19790103	CHN	VNM	154	2	5	4	-7.2	4	39.9289	116.388	1	23.5	121	1	23.5	121
19790103	CHN	ZMB	042	2	8	1	1.9	4	39.9289	116.388	4	39.9289	116.388	4	39.9289	116.388
19790103	CHRCTH	DEU	193	1	2	4	-10	4	39.9289	116.388	1	-15	30	4	39.9289	116.388
19790103	CHRCTH	ESP	030	1	9	1	4	1	-18.25	35	1	-18.25	35	1	-18.25	35
19790103	CHRCTH	ESP	057	1	9	1	8	4	40.4	-3.68333	4	40.4	-3.68333	4	40.4	-3.68333
19790103	CHRCTH	REL	043	1	9	1	2.8	4	40.4	-3.68333	4	40.4	-3.68333	4	40.4	-3.68333
19790103	CHRCTH	VAT	042	1	4	1	1.9	4	18.6597	-96.5222	4	18.6597	-96.5222	4	18.6597	-96.5222
19790103	COD	CHN	043	2	8	1	2.8	1	-6	35	4	39.9289	116.388	4	39.9289	116.388
19790103	COD	MOZ	043	1	2	1	2.8	1	-15	30	4	39.9289	116.388	4	39.9289	116.388
19790103	COL	COP	190	4	11	4	-10	4	4.6	-74.0833	2	31.106	-97.6475	4	4.54779	-74.1486
19790103	COL	REB	190	1	3	4	-10	4	4.54779	-74.1486	2	31.106	-97.6475	2	31.106	-97.6475
19790103	COP	COL	186	1	3	4	-10	4	4.54779	-74.1486	2	31.106	-97.6475	2	31.106	-97.6475
19790103	COP	DEU	042	1	3	1	1.9	4	4.54779	-74.1486	4	4.54779	-74.1486	4	4.54779	-74.1486
19790103	COPMIL	AGR	128	1	1	3	-5	1	54	-2	1	54	-2	1	54	-2
19790103	COPMIL	CRM	128	1	1	3	-5	4	11.595	43.1481	4	12.4667	39.2667	4	12.4667	39.2667
19790103	COPMIL	ETH	128	3	8	3	-5	4	9	39	4	12.4667	39.2667	4	12.4667	39.2667
19790103	COP	PRK	042	1	1	1	1.9	4	11.595	43.1481	4	12.4667	39.2667	4	12.4667	39.2667
19790103	COP	REL	043	1	5	1	2.8							4	39.0194	125.755
19790103	CPV	CHN	043	1	2	1	2.8							4	-18	16
19790103	CRM	GOV	138	1	4	3	-7	1	16	-24	1	35	105	1	16	-24
19790103	CUB	AFR	042	1	2	1	1.9	1	-30	-71	1	-30	-71	1	-30	-71
19790103	CUB	AFR	060	2	2	2	6	1	21.5	-80	1	-29	24	1	51	9
19790103	CUB	CUBGOV	013	1	4	1	0.4	1	21.5	-80	1	-29	24	1	60	100
19790103	CUB	CUBMIL	190	1	2	4	-10	1	21.5	-80	1	21.5	-80	1	21.5	-80
19790103	CUB	ETH	072	1	4	2	8.3	4	23.1	-82.35	4	23.1	-82.35	4	23.1	-82.35
19790103	CUB	GOV	057	2	2	1	8	1	21.5	-80	1	21.5	-80	1	21.5	-80
19790103	CUBGOV	CUB	013	1	6	1	0.4	1	21.5	-80	4	17.9667	102.6	1	21.5	-80
19790103	CUBGOV	CUB	017	2	6	1	0	4	23.1	-82.35				4	55.7522	37.6156
19790103	CUB	LAO	057	2	8	1	8	4	17.9667	102.6	4	17.9667	102.6	1	21.5	-80
19790103	CUBMIL	AFR	042	1	8	1	1.9	1	21.5	-80	4	17.9667	102.6	1	21.5	-80
19790103	CUBMIL	CUBMIL	190	1	3	4	-10	4	23.1	-82.35	4	23.1	-82.35	4	23.1	-82.35
19790103	CUB	PRK	057	3	20	1	8	4	23.1319	-82.3642	4	23.1319	-82.3642	1	40	127
19790103	CUB	REB	060	1	2	2	6	4	23.1319	-82.3642	1	40	127	1	40	127
19790103	CUB	REB	190	2	3	4	-10	1	21.5	-80	1	-29	24	1	-29	24
19790103	CUB	RUS	017	1	4	1	0	1	21.5	-80	1	-29	24	1	51	9
19790103	CUB	RUS	190	1	6	4	-10							4	55.7522	37.6156
19790103	CVL	EDU	070	1	10	2	7	4	23.1	-82.35	4	57.0557	49.0322	4	57.0557	49.0322
19790103	CVL	GOV	017	1	1	1	0	4	31.2222	121.458	4	31.2222	121.458	4	31.2222	121.458
19790103	CVL	GOV	042	1	1	1	1.9	4	28.6	77.2	4	28.6	77.2	4	28.6	77.2
19790103	CVLGOV	MIL	010	1	9	1	0	4	29.6161	76.9806	4	29.6161	76.9806	4	29.6161	76.9806
19790103	CVL	USA	115	1	3	3	-2	4	35.75	51.5148	4	35.75	51.5148	4	35.75	51.5148
19790103	CZE	GOV	040	1	10	1	1	2	36.17	-119.746	2	36.17	-119.746	2	36.17	-119.746
19790103	CZE	GOV	046	1	10	1	7	4	50.0833	14.4667	4	50.0833	14.4667	4	50.0833	14.4667
19790103	DEU	CHRCTH	193	2	4	4	-10	1	-18.25	35	1	-18.25	35	1	-18.25	35
19790103	DEU	COP	043	1	3	1	2.8	1	51	9	1	51	9	1	51	9
19790103	DEU	FRA	030	2	2	1	4	1	46	2	1	46	2	1	54	-2
19790103	DEU	GBR	030	2	2	1	4	1	46	2	4	50.7333	7.1	1	54	-2
19790103	DEU	GBR	043	1	4	1	2.8	4	50.7333	7.1	1	54	-2	1	54	-2
19790103	DEU	GOV	017	1	10	1	0	1	54	-2	1	54	-2	1	54	-2
19790103	DEU	REB	060	1	4	2	6									
19790103	DEU	REB	190	2	4	4	-10	1	51	9	1	-29	24	1	-29	24
19790103	EDU	IRN	043	1	4	1	2.8	1	51	9	1	-29	24	1	51	9
19790103	EDU	USA	042	1	9	1	1.9	2	36.17	-119.746	1	32	53	2	36.17	-119.746
19790103	EDU	USA	043	2	3	1	2.8	3	38.8951	-77.0364	3	38.8951	-77.0364	1	32	53
19790103	EGY	EGYGOV	012	2	6	1	-0.4	4	30.05	31.25	4	31.2237	34.2084	4	30.05	31.25
19790103	EGY	GOV	030	1	9	1	4	4	31.2237	34.2084	4	31.2237	34.2084	4	30.05	31.25
19790103	EGY	GOV	040	1	2	1	1	4	31.4167	34.3333	4	31.4167	34.3333	4	31.4167	34.3333
19790103	ESP	CHRCTH	030	1	9	1	4	1	35	38	1	15	48	1	28	3
19790103	ESP	CHRCTH	057	1	9	1	8	4	40.4	-3.68333	4	40.4	-3.68333	4	40.4	-3.68333
19790103	ESP	GOV	050	1	10	1	3.5	4	40.4	-3.68333	4	40.4	-3.68333	4	40.4	-3.68333
19790103	ESP	ITA	042	1	10	1	1.9	1	40	-4	1	40	-4	1	40	-4
19790103	ESP	ITA	057	1	4	1	8	4	43.0944	-2.01181	4	43.0944	-2.01181	4	43.0944	-2.01181
19790103	ESP	USAPRI	043	1	9	1	2.8	4	43.0944	-2.01181	1	42.8333	12.8333	4	43.0944	-2.01181
19790103	ESP	VAT	030	2	10	1	4	4	43.0944	-2.01181	4	43.0944	-2.01181	4	43.0944	-2.01181
19790103	ESP	VATGOV	057	1	4	1	8	4	43.0944	-2.01181	1	41.9	12.45	4	43.0944	-2.01181
19790103	ETH	GOV	080	1	6	2	5	4	40.4	-3.68333	4	40.4	-3.68333	4	40.4	-3.68333
19790103	EUR	per	020	2	2	1	3	1	38	-97	4	40.9632	123.212	1	38	-97
19790103	EUR	ROU	042	1	5	1	1.9	4	40.9632	123.212	4	40.9632	123.212	4	40.9632	123.212
19790103	EUR	USA	042	3	9	1	1.9	4	12.2753	-86.8425	4	12.2753	-86.8425	4	12.2753	-86.8425
19790103	FRA	DEU	030	2	2	1	4	1	46	2	1	46	2	1	54	-2
19790103	FRA	GBR	030	2	3	1	4	1	46	2	4	50.7333	7.1	1	54	-2
19790103	FRA	GMW	030	1	1	1	4	1	46	2	1	54	-2	1	54	-2
19790103	GBR	CRM	173	1	2	4	-5	1	46	2	4	50.7333	7.1	1	54	-2
19790103	GBR	DEU	030	2	2	1	4	1	54	-2	4	50.7333	7.1	1	54	-2
19790103	GBR	DEU	042	1	4	1	1.9	4	50.7333	7.1	1	46	2	1	54	-2
19790103	GBR	FRA	030	2	3	1	4	4	50.7333	7.1	1	46	2	1	54	-2
19790103	GBR	GMW	030	1	1	1	4	1	54	-2	1	46	2	1	54	-2
19790103	GBRGOV	GOV	040	1	3	1	1	1	54	-2	4	50.7333	7.1	1	54	-2
19790103	GBRGOV	GOV	080	2	4	2	5	1	54	-2	1	54	-2	1	54	-2
19790103	GBRGOV	LEG	040	1	6	1	1	1	54	-2	1	60	100	1	54	-2
19790103	GBRGOV	TUR	042	1	2	1	1.9	4	39.3176	36.466	4	39.3176	36.466	4	39.3176	36.466
19790103	GBRGOV	USA	020	1	2	1	3				1	54	-2	1	54	-2
19790103	GBR	HLH	020	1	2	1	3	1	54	-2	1	38	-97	1	54	-2
19790103	GBR	LEG	040	1	4	1	1	1	54	-2	1	54	-2	1	54	-2
19790103	GBR	TUR	042	3	7	1	1.9	1	60	-95	4	39.9272	32.8644	3	38.8951	-77.0364
19790103	GIN	ARM	043	1	2	1	2.8	1	54	-2	4	39.9272	32.8644	4	39.9272	32.8644
19790103	GIN	GOV	043	1	1	1	2.8	4	9.50917	-13.7122	1	40	45	1	60	100
19790103	GINGOV	PRT	114	1	6	3	-2	4	9.50917	-13.7122	1	40	45	1	40	45
19790103	GIN	PRT	114	1	2	3	-2	1	39.5	-8	1	39.5	-8	1	39.5	-8
19790103	GIN	RUS	043	2	4	1	2.8	4	9.50917	-13.7122	1	60	100	1	40	45
19790103	GMW	FRA	030	1	1	1	4	4	9.50917	-13.7122	1	60	100	4	9.50917	-13.7122
19790103	GMW	GBR	030	1	1	1	4	4	50.7333	7.1	1	46	2	1	54	-2
19790103	GOV	AFG	046	1	4	1	7	4	50.7333	7.1	1	54	-2	1	54	-2
19790103	GOV	ARM	042	1	1	1	1.9	4	34.5167	69.1833	4	34.5167	69.1833	4	34.5167	69.1833
19790103	GOV	BGD	051	2	10	1	3.4	1	35	105	1	35	105	1	35	105
19790103	GOV	BUS	010	1	9	1	0	1	35	105	1	24	90	1	35	105
19790103	GOV	CHN	051	2	17	1	3.4	1	35	105	1	35	105	1	35	105
19790103	GOV	CHRCTH	182	1	3	4	-9.5	4	30.9866	103.939	4	30.9866	103.939	4	30.9866	103.939
19790103	GOV	CHRCTH	193	1	3	4	-10	1	-18.25	35	1	-18.25	35	1	-18.25	35
19790103	GOV	COL	010	1	1	1	0	1	47	8	1	47	8	1	47	8
19790103	GOV	COPGOV	017	1	5	1	0	4	4.54779	-74.1486	4	4.54779	-74.1486	4	4.54779	-74.1486
19790103	GOV	CRM	112	2	19	3	-2	3	38.8951	-77.0364	3	38.8951	-77.0364	3	38.8951	-77.0364
19790103	GOV	CUB	057	2	2	1	8	1	21.5	-80	1	21.5	-80	1	21.5	-80
19790103	GOV	CVL	043	1	1	1	2.8	4	17.9667	102.6	1	21.5	-80	1	21.5	-80
19790103	GOV	CZE	040	1	10	1	1	4	29.6161	76.9806	4	29.6161	76.9806	4	29.6161	76.9806
19790103	GOV	CZE	046	1	10	1	7	4	50.0833	14.4667	4	50.0833	14.4667	4	50.0833	14.4667
19790103	GOV	ESP	050	1	10	1	3.5	4	50.0833	14.4667	4	50.0833	14.4667	4	50.0833	14.4667
19790103	GOV	EUR	030	2	5	1	4	4	-27.8383	22.857	1	46	2	1	46	2
19790103	GOV	EUR	051	1	9	1	3.4	4	-27.8383	22.857	1	46	2	4	-27.8383	22.857
19790103	GOV	GBR	010	2	3	1	0	4	-17.8178	31.0447	4	-17.8178	31.0447	4	-17.8178	31.0447
19790103	GOV	GBRGOV	040	1	1	1	1	4	-17.8178	31.0447	4	-17.8178	31.0447	3	38.8951	-77.0364
19790103	GOV	GIN	042	1	1	1	1.9				1	54	-2	1	54	-2
19790103	GOV	GOVMIL	040	1	7	1	1	1	40	45	4	9.50917	-13.7122	1	40	45
19790103	GOV	GOVMIL	043	1	7	1	2.8	4	33.8719	35.5097	4	33.8719	35.5097	4	33.8719	35.5097
19790103	GOV	GTM	054	2	2	1	6	1	15.5	-90.25				1	15.5	-90.25
19790103	GOV	IGOUNO	020	1	5	1	3	1	9	-80	1	15.5	-90.25	1	9	-80
19790103	GOV	LAB	013	1	5	1	0.4	4	11.55	104.917	4	11.55	104.917	4	11.55	104.917
19790103	GOV	LAB	071	1	4	2	7.4	3	38.8951	-77.0364	3	38.8951	-77.0364	3	38.8951	-77.0364
19790103	GOV	LAO	043	1	8	1	2.8	2	42.1497	-74.9384	2	40.3736	-82.7755	2	42.1497	-74.9384
19790103	GOV	LBN	040	1	3	1	1	1	16	106	4	17.9667	102.6	1	16	106
19790103	GOV	LBN	043	1	3	1	2.8	4	33.8719	35.5097	4	33.8719	35.5097	4	33.8719	35.5097
19790103	GOV	LBY	043	2	9	1	2.8	1	42	43.5	1	42	43.5	1	42	43.5
19790103	GOV	LBY	080	1	2	2	5	1	42	43.5	1	25	17	1	42	43.5
19790103	GOV	MED	020	1	5	1	3	1	25	17	1	25	17	1	25	17
19790103	GOV	MED	070	2	5	2	7	4	30.05	31.25	4	30.05	31.25	4	30.05	31.25
19790103	GOV	MED	0833	1	5	2	5	4	30.05	31.25	4	30.05	31.25	4	31.2237	34.2084
19790103	GOV	MIL	030	2	19	1	4	1	38	-97	1	38	-97	1	38	-97
19790103	GOVMIL	GOV	040	1	7	1	1	1	38	-97	1	38	-97	1	38	-97
19790103	GOVMIL	GOV	042	1	7	1	1.9	4	33.8719	35.5097	4	33.8719	35.5097	4	33.8719	35.5097
19790103	GOV	MRT	040	1	5	1	1	4	33.8719	35.5097	4	33.8719	35.5097	4	33.8719	35.5097
19790103	GOV	MRT	042	1	10	1	1.9	4	18.1194	-16.0406	4	18.1194	-16.0406	4	18.1194	-16.0406
19790103	GOV	PSE	051	1	2	1	3.4	4	18.1194	-16.0406	4	18.1194	-16.0406	4	18.1194	-16.0406
19790103	GOV	ROU	042	1	3	1	1.9	1	31.5	34.75	1	31.5	34.75	1	31.5	34.75
19790103	GOV	RUS	043	1	4	1	2.8	1	46	2	1	46	25	1	46	25
19790103	GOV	SEN	043	1	4	1	2.8	1	40	45	1	60	100	1	60	100
19790103	GOV	SENGOV	043	1	6	1	2.8	4	14.7367	-17.6339	4	14.7367	-17.6339	4	14.7367	-17.6339
19790103	GOV	USA	012	1	5	1	-0.4	4	14.7367	-17.6339	4	14.7367	-17.6339	4	14.7367	-17.6339
19790103	GOV	USA	014	1	1	1	0	1	38	-97	1	38	-97	1	38	-97
19790103	GOV	USA	036	1	5	1	4	3	38.8951	-77.0364	3	38.8951	-77.0364	1	-30	-71
19790103	GOV	USA	040	1	2	1	1	3	38.8951	-77.0364	3	38.8951	-77.0364	3	38.8951	-77.0364
19790103	GOV	USA	046	2	2	1	7	1	-30	-71	1	-30	-71	1	-30	-71
19790103	GOV	USA	051	1	3	1	3.4	3	38.8951	-77.0364	3	38.8951	-77.0364	3	38.8951	-77.0364
19790103	GOV	USA	071	1	5	2	7.4	1	38	-97	1	38	-97	1	38	-97
19790103	GOV	USAGOV	030	1	2	1	4	2	42.1497	-74.9384	2	40.3736	-82.7755	2	42.1497	-74.9384
19790103	GOV	VNM	010	3	8	1	0	4	21.0333	105.85	1	35	105	1	35	105
19790103	GOV	VNM	013	2	8	1	0.4	1	35	105	4	21.0333	105.85	4	21.0333	105.85
19790103	GOV	VNM	031	1	1	1	5.2	4	21.0333	105.85	4	21.0333	105.85	4	21.0333	105.85
19790103	GOV	VNM	036	2	10	1	4	1	16	106	4	60.1756	24.9342	4	60.1756	24.9342
19790103	GTM	BLZ	051	2	9	1	3.4	1	54	-2	1	15.5	-90.25	1	15.5	-90.25
19790103	GTM	GOV	010	2	9	1	0	1	17.25	-88.75	1	15.5	-90.25	1	9	-80
19790103	GTM	GOV	054	2	2	1	6				1	15.5	-90.25	1	15.5	-90.25
19790103	GUY	CVL	010	1	5	1	0	1	15.5	-90.25	1	9	-80	1	9	-80
19790103	GUY	CVL	013	2	4	1	0.4	1	5	-59	1	5	-59	1	5	-59
19790103	GUY	CVL	026	2	9	1	4	1	5	-59	1	60	100	1	5	-59
19790103	GUY	OPP	193	1	2	4	-10	1	5	-59	1	5	-59	1	5	-59
19790103	HND	HTI	0841	2	5	2	7	1	19	-72.4167	1	37	127.5	1	37	127.5
19790103	HND	REB	013	2	9	1	0.4	4	14.1	-87.2167	4	14.1	-87.2167	4	14.1	-87.2167
19790103	HND	SLV	190	3	9	4	-10	1	9	-80	1	15.5	-90.25	1	9	-80
19790103	HND	USA	043	2	4	1	2.8	4	14.1	-87.2167	4	14.1	-87.2167	2	42.2373	-71.5314
19790103	HTI	VEN	036	2	4	1	4	1	19	-72.4167	1	19	-72.4167	1	19	-72.4167
19790103	HUN	BGR	057	1	10	1	8	1	19	-72.4167	4	10.5	-66.9167	4	10.5	-66.9167
19790103	HUN	IRQ	043	1	2	1	2.8	1	48.6667	19.5	1	48.6667	19.5	1	48.6667	19.5
19790103	HUN	ROULEG	043	1	10	1	2.8	1	47	20	4	33.3386	44.3939	4	33.3386	44.3939
19790103	HUN	VNM	042	1	10	1	1.9	1	47	20	4	45.7494	21.2272	4	45.7494	21.2272
19790103	IDNGOV	IDN	042	2	10	1	1.9	1	-5	120	1	-5	120	1	-5	120
19790103	IDN	IDNGOV	043	2	10	1	2.8	1	-5	120	1	-5	120	1	-5	120
19790103	IGOASADEVADB	BUS	071	2	7	2	7.4	3	38.899	-77.0422	4	39.9289	116.388	3	38.899	-77.0422
19790103	IGOUNODEVWBK	BUS	071	2	5	2	7.4	3	38.899	-77.0422	4	39.9289	116.388	3	38.899	-77.0422
19790103	IGOUNOGOV	VNM	010	1	5	1	0	3	38.899	-77.0422	3	38.899	-77.0422	3	38.899	-77.0422
19790103	IGOWSTNAT	MIL	0831	1	3	2	5	4	11.55	104.917	1	16	106	1	16	106
19790103	INDGOV	USAGOV	030	1	1	1	4	1	60	100	1	60	100	1	60	100
19790103	IRL	IRN	042	2	2	1	1.9	1	50.8333	4	4	38.08	46.2919	4	38.08	46.2919
19790103	IRN	EDU	012	2	4	1	-0.4	1	32	53	1	32	53	1	32	53
19790103	IRN	EDU	018	2	4	1	3.4	1	32	53	1	32	53	1	32	53
19790103	IRN	EDU	042	1	4	1	1.9	1	32	53	2	36.17	-119.746	1	32	53
19790103	IRN	EDU	100	1	5	3	-5	1	32	53	1	32	53	1	32	53
19790103	IRNEDU	IRN	051	1	7	1	3.4	1	32	53	1	32	53	1	32	53
19790103	IRN	GOV	040	1	8	1	1	1	32	53	1	32	53	1	32	53
19790103	IRN	GOV	100	1	2	3	-5	4	33.3971	48.2817	4	33.3971	48.2817	4	33.3971	48.2817
19790103	IRN	IRL	043	2	2	1	2.8	4	38.08	46.2919	1	50.8333	4	4	38.08	46.2919
19790103	IRN	IRNEDU	051	1	4	1	3.4	4	38.08	46.2919	1	53	-8	4	38.08	46.2919
19790103	IRN	IRNGOV	060	1	8	2	6	1	32	53	1	32	53	1	32	53
19790103	IRN	MED	043	1	10	1	2.8	4	33.3971	48.2817	4	33.3971	48.2817	4	33.3971	48.2817
19790103	IRN	MIL	160	1	4	4	-4	4	35.75	51.5148	4	35.75	51.5148	4	35.75	51.5148
19790103	IRN	OPP	040	2	10	1	1	1	60	100	1	32	53	1	60	100
19790103	IRN	OPP	046	1	10	1	7	1	60	100	1	60	100	1	60	100
19790103	IRN	OPP	111	1	3	3	-2	1	32	53	1	32	53	1	32	53
19790103	IRNOPPEDU	USA	071	1	5	2	7.4	4	37.4727	49.4622	4	37.4727	49.4622	4	37.4727	49.4622
19790103	IRNOPPEDU	USA	173	1	5	4	-5	2	36.17	-119.746	2	36.17	-119.746	2	36.17	-119.746
19790103	IRN	RUS	010	1	2	1	0	1	32	53	2	31.106	-97.6475	1	32	53
19790103	IRN	USA	071	2	2	2	7.4	1	32	53	2	36.17	-119.746	1	32	53
19790103	IRN	USA	090	2	9	2	-2	1	32	53	1	32	53	1	32	53
19790103	IRN	USA	141	1	3	3	-6.5	1	32	53	2	36.17	-119.746	2	36.17	-119.746
19790103	IRN	USA	173	2	2	4	-5	1	32	53	2	31.106	-97.6475	1	32	53
19790103	IRN	USAGOV	100	2	4	3	-5	2	36.17	-119.746	2	36.17	-119.746	2	36.17	-119.746
19790103	IRN	USAGOV	141	3	4	3	-6.5	1	32	53	3	38.8951	-77.0364	3	38.8951	-77.0364
19790103	IRQ	BEN	060	1	8	2	6	1	32	53	3	38.8951	-77.0364	1	32	53
19790103	IRQ	BEN	071	1	10	2	7.4	1	33	44	1	9.5	2.25	1	9.5	2.25
19790103	IRQ	HUN	042	2	2	1	1.9	1	3.25	73	1	3.25	73	1	3.25	73
19790103	IRQ	MED	043	1	4	1	2.8	1	3.25	73	4	32.8925	13.18	4	32.8925	13.18
19790103	IRQ	MIL	062	1	9	2	7.4	4	33.3386	44.3939	4	33.3386	44.3939	4	33.3386	44.3939
19790103	ISR	EGY	0874	1	5	2	10	4	33.3386	44.3939	4	33.3386	44.3939	4	33.3386	44.3939
19790103	ISR	JEW	061	3	9	2	6.4	4	35.75	51.5148	1	31.5	34.75	4	35.75	51.5148
19790103	ISR	PSEEDU	043	1	10	1	2.8	1	31.5	34.75	1	31.5	34.75	1	31.5	34.75
19790103	ITA	ESP	043	1	10	1	2.8	4	31.7667	35.2333	4	31.7667	35.2333	4	31.7667	35.2333
19790103	ITA	ESP	057	1	4	1	8	1	42.8333	12.8333	4	43.0944	-2.01181	1	42.8333	12.8333
